100
4 3
4 5 6 4
4 2
4 5 6 4
3 3
1 1 1
100 4
34 64 64 61 83 82 26 42 57 98 49 95 34 94 35 22 60 47 67 76 36 38 92 13 90 46 93 20 34 34 73 81 2 77 34 74 82 35 34 13 55 79 14 16 64 55 70 70 85 11 34 3 23 31 94 84 40 77 48 13 46 6 50 97 46 65 87 54 97 20 71 51 46 1 91 46 43 40 71 72 59 88 97 67 43 31 50 87 25 43 15 13 3 37 13 79 74 55 26 16
100 4
32 4 56 86 16 82 13 34 28 53 38 77 35 49 85 5 23 83 55 5 58 17 31 4 47 67 10 1 94 2 43 25 88 73 59 80 91 70 34 71 56 1 28 11 73 76 29 38 26 67 82 80 37 5 34 2 82 49 76 52 85 77 98 2 4 67 95 91 77 65 98 53 34 16 77 65 20 2 5 4 38 26 14 23 38 4 55 10 28 13 13 91 47 19 31 82 16 1 5 76
100 4
41 37 25 76 22 70 6 7 33 56 20 16 88 52 10 16 62 72 2 10 7 7 91 2 7 71 47 43 31 32 53 22 39 3 34 76 37 58 16 70 64 34 97 76 43 63 29 1 55 79 22 59 78 16 83 34 92 97 13 60 55 94 41 25 71 98 64 8 10 10 58 1 70 28 68 93 46 86 97 77 32 89 88 8 12 77 23 28 34 34 73 43 17 20 16 91 3 59 14 14
1 3
70
100 4
91 77 92 32 97 82 43 1 58 43 61 75 21 49 67 46 88 40 55 29 55 59 70 61 32 22 19 44 28 39 49 54 70 88 97 5 52 58 71 46 7 64 79 84 86 88 94 14 70 85 13 7 41 95 46 92 38 7 52 52 67 7 91 79 49 94 10 76 49 95 8 29 4 23 37 43 41 46 8 38 49 20 13 92 40 43 79 40 61 71 79 37 55 17 65 10 51 66 32 70
14 3
50 1 78 70 59 85 30 12 69 26 10 74 14 22
2 3
76 58
100 4
9 17 7 23 29 55 20 37 68 97 92 14 77 40 52 38 89 77 2 71 47 47 41 13 35 2 53 5 12 27 31 14 3 74 8 82 29 74 41 80 86 93 5 56 83 79 35 92 77 56 2 70 27 28 63 53 87 5 16 74 29 61 98 17 38 56 40 68 31 59 37 53 38 89 59 64 25 50 43 23 64 34 25 6 92 20 41 85 89 18 79 77 32 44 41 1 95 53 37 10
100 4
32 49 95 55 22 37 85 82 69 46 27 24 76 88 4 55 74 35 6 59 75 55 29 66 52 76 73 4 30 64 68 8 58 56 55 95 97 41 61 19 22 82 6 10 49 70 66 98 79 2 34 34 48 55 52 34 32 44 17 37 62 42 1 22 92 23 82 86 68 97 28 55 57 5 61 97 62 52 7 23 18 13 50 64 55 6 52 43 46 43 16 55 77 64 1 35 29 93 59 72
100 4
17 62 32 83 50 97 72 5 82 59 9 47 89 20 78 80 94 28 62 23 17 20 95 5 41 71 60 37 76 74 22 8 34 44 22 19 80 88 4 92 89 69 56 19 31 88 66 53 41 20 67 25 53 62 85 41 61 89 84 32 70 91 26 98 83 35 26 68 42 90 41 85 95 11 2 10 25 37 79 77 66 92 64 14 72 80 17 4 40 74 89 92 84 64 85 13 35 86 59 4
100 4
81 52 61 52 89 65 8 29 61 14 10 25 89 83 20 40 26 37 55 28 78 16 23 61 98 97 65 54 83 49 80 58 45 36 29 5 60 53 12 36 65 97 68 20 7 23 25 85 40 46 83 49 79 53 64 56 16 67 55 74 73 97 47 24 87 2 68 91 94 26 67 97 85 19 23 5 55 24 41 31 52 4 37 56 70 10 89 70 45 40 22 34 73 88 97 82 4 64 17 26
100 4
27 16 59 2 44 2 72 79 45 86 22 29 46 19 47 4 13 53 44 19 56 2 70 37 95 94 14 68 86 15 12 46 49 29 48 82 89 2 52 98 55 62 98 49 73 32 41 44 76 31 25 25 47 25 86 83 58 83 37 79 32 50 71 1 11 86 63 54 5 85 56 69 13 28 93 65 19 74 4 36 44 18 26 2 86 90 17 36 14 4 80 49 78 34 32 14 55 83 23 80
100 3
71 35 52 55 47 40 16 33 23 91 76 20 15 70 89 89 4 26 76 51 19 91 32 44 19 62 31 10 25 16 49 46 31 15 46 88 91 49 4 92 61 91 79 83 19 4 70 58 51 34 59 88 15 66 41 59 17 55 62 67 48 65 10 77 37 10 70 11 85 1 62 55 73 64 56 33 98 7 12 74 85 18 67 80 45 74 22 52 73 73 26 92 34 67 98 82 25 24 59 58
17 2
94 74 70 97 88 7 76 51 54 63 46 43 10 50 73 59 48
100 4
61 56 62 80 5 4 31 56 46 62 31 55 26 44 58 49 6 64 70 4 91 81 6 10 81 28 62 7 58 34 79 25 49 95 67 33 86 13 37 13 2 55 42 34 50 19 76 72 65 5 46 10 52 76 34 34 32 34 55 64 61 57 38 9 49 80 44 80 58 85 88 34 49 25 64 67 70 54 55 82 61 49 49 73 52 95 43 11 92 50 84 69 19 84 61 2 19 26 77 78
3 3
11 41 74
100 4
62 48 53 5 94 35 79 77 33 41 50 14 17 69 8 2 58 41 68 22 46 8 11 54 78 89 59 11 35 31 44 1 58 38 91 25 24 77 80 31 28 25 64 44 91 44 14 17 26 24 98 41 22 90 62 7 53 32 65 11 56 92 43 82 74 68 89 20 81 23 95 20 8 71 59 14 77 62 2 47 35 16 76 68 32 71 77 40 37 59 82 65 13 58 65 44 56 73 85 17
100 4
38 53 48 83 55 91 24 55 33 67 42 25 71 58 52 20 73 40 65 94 25 34 73 25 17 16 57 41 73 40 10 97 40 7 23 20 27 54 58 6 88 53 49 85 9 55 13 41 7 43 43 61 65 40 20 79 31 55 10 28 25 81 85 37 87 82 28 26 16 45 63 10 98 82 79 97 28 10 7 68 67 76 71 22 64 32 31 76 5 55 1 81 8 70 43 7 89 41 51 88
1 2
51
100 4
73 79 2 52 41 40 80 60 89 91 73 55 3 88 91 73 53 43 74 31 37 1 31 34 29 3 48 46 1 22 85 10 8 83 57 67 31 25 53 49 11 64 86 14 34 50 46 12 43 4 54 43 46 61 40 98 1 20 76 19 27 16 97 46 40 35 89 24 38 67 88 19 25 9 56 73 43 85 79 49 82 16 85 88 82 82 60 8 72 7 88 67 10 43 1 70 27 35 66 40
100 4
20 30 68 69 55 29 1 73 46 61 1 52 5 24 73 58 86 40 46 74 30 34 82 40 29 68 38 79 77 31 28 82 97 94 47 84 67 94 23 87 46 76 59 94 56 46 26 5 97 19 4 76 91 40 70 25 19 43 76 31 59 59 38 59 54 39 73 43 50 91 18 50 26 19 37 31 1 40 62 37 44 16 25 25 38 85 85 70 25 16 85 74 81 82 63 78 97 77 43 35
18 3
11 49 89 35 38 37 8 62 11 37 49 85 92 19 8 44 20 32
24 3
88 66 26 34 4 97 91 32 25 42 91 52 44 79 26 76 31 46 73 39 45 17 46 16
100 3
34 49 35 47 30 65 11 79 84 58 83 41 56 56 20 17 38 41 53 62 2 74 13 2 68 57 35 80 68 14 88 83 19 17 49 87 55 88 89 79 86 58 95 35 89 51 80 29 43 96 16 18 31 82 14 88 20 65 54 84 86 2 95 23 94 58 96 98 2 53 5 7 62 65 59 35 79 63 42 5 53 35 89 5 39 91 43 46 85 42 83 14 67 13 95 59 74 92 71 95
100 4
95 13 34 4 82 83 12 38 44 50 59 17 41 65 53 31 98 58 47 11 38 84 89 45 74 40 55 89 20 44 82 64 12 26 86 5 65 67 92 55 79 29 8 32 23 1 56 38 43 89 88 3 17 65 17 82 56 32 16 11 23 74 95 8 53 92 48 87 24 11 14 68 59 32 17 26 34 14 61 89 75 29 14 2 47 29 83 8 53 38 62 34 27 5 71 74 11 17 20 47
1 3
72
100 4
10 13 10 94 16 37 34 12 85 11 23 15 25 2 61 7 7 19 95 50 65 14 31 52 80 30 91 44 76 12 19 94 67 28 52 4 16 92 70 8 53 53 86 36 63 3 7 70 58 87 19 94 75 11 16 49 28 61 37 95 76 7 85 50 89 52 43 76 8 64 12 59 23 1 97 64 67 61 22 89 49 14 89 37 77 80 40 97 8 33 40 13 65 22 52 74 34 59 25 88
100 4
80 70 26 38 59 19 8 11 23 94 35 20 32 2 91 80 98 56 74 79 56 68 65 74 66 9 8 59 95 77 8 40 56 54 97 1 35 48 65 47 65 61 20 95 28 24 89 10 28 8 32 38 26 47 92 94 50 13 29 44 65 22 73 35 23 89 10 71 38 68 68 7 86 7 41 87 8 23 62 68 17 30 35 83 50 59 38 81 89 26 23 56 62 2 76 61 68 46 41 95
100 4
77 19 55 29 86 59 30 83 60 59 44 7 61 65 50 34 92 14 71 74 40 12 68 80 92 77 8 39 2 70 92 49 46 89 16 37 80 31 35 26 89 33 41 1 28 75 74 35 44 38 91 37 58 80 37 62 23 44 23 53 5 2 34 26 89 43 29 45 70 68 56 20 73 16 35 65 2 92 19 28 54 55 55 50 22 8 68 73 19 95 35 74 40 8 38 88 30 43 71 82
13 3
26 1 29 16 17 74 58 82 1 64 95 98 44
100 4
82 31 10 91 52 83 60 4 71 28 16 43 82 39 58 94 97 44 61 8 51 37 77 56 16 21 85 53 40 2 82 88 19 5 31 8 97 1 52 59 71 88 85 13 71 96 34 15 49 76 1 58 61 7 83 62 26 85 52 85 11 10 80 10 77 64 79 58 7 60 76 97 49 4 77 85 58 10 37 14 76 18 95 58 56 44 16 19 19 83 55 95 83 55 19 48 97 28 88 74
100 4
84 35 16 31 37 26 91 19 49 11 91 58 88 3 68 69 22 11 62 19 55 1 29 41 10 84 96 68 76 97 43 38 71 55 84 12 28 60 52 5 44 93 13 84 40 4 61 34 57 11 79 40 85 67 22 95 91 84 20 68 49 87 30 58 13 58 87 49 2 64 10 4 44 64 58 73 46 53 7 24 25 22 13 1 89 85 95 94 8 82 20 4 58 55 83 1 84 61 2 31
100 4
68 91 38 62 53 11 65 64 64 51 31 64 81 32 83 29 50 2 32 53 53 96 94 8 88 17 92 14 1 98 86 2 51 86 18 93 24 41 51 7 58 22 19 95 86 68 98 13 98 29 8 83 24 77 29 71 71 14 26 57 27 16 68 63 98 17 11 98 34 26 37 45 81 37 68 69 62 35 16 11 36 71 56 98 89 37 62 48 46 32 94 47 32 21 31 97 20 21 5 30
100 4
32 82 34 66 8 42 82 31 10 47 37 5 34 56 9 98 79 19 43 25 31 28 14 14 83 91 73 11 37 10 73 22 52 13 58 95 91 73 16 26 36 95 16 80 76 16 4 20 76 20 95 94 82 5 40 82 67 91 84 61 41 85 80 8 5 37 61 37 94 89 1 88 67 28 35 20 49 71 53 65 21 2 61 97 42 44 88 19 43 37 55 13 34 25 1 30 86 36 12 31
100 4
93 19 44 31 95 70 98 8 83 52 67 41 38 71 95 93 50 53 83 95 17 5 55 59 50 41 67 92 64 28 50 64 11 27 60 80 61 53 38 82 17 14 62 54 7 28 77 11 2 68 22 42 20 86 95 24 7 44 71 33 53 15 47 38 28 65 98 7 29 62 56 1 46 79 14 87 11 7 56 28 53 28 59 7 57 20 77 29 93 62 38 29 1 43 11 62 91 17 5 20
100 4
97 71 38 88 55 86 78 58 13 53 2 19 20 26 29 11 77 17 9 61 2 13 35 70 78 5 62 83 92 28 93 13 30 19 50 52 1 47 6 58 34 43 18 8 17 54 53 5 41 28 93 53 36 83 64 23 79 26 2 4 68 37 58 71 59 76 76 4 98 36 86 59 46 67 70 97 23 89 27 79 20 23 89 38 68 38 16 83 2 14 86 82 8 7 91 76 47 19 59 82
100 4
70 6 62 98 57 76 23 13 47 83 24 79 29 74 93 89 34 17 86 80 32 43 62 23 74 82 71 68 8 53 68 64 59 34 93 77 58 32 2 62 46 65 39 73 66 29 24 89 41 90 91 87 35 4 29 22 37 14 62 38 35 74 91 40 44 77 10 70 80 83 70 17 83 10 85 40 20 92 76 50 88 1 29 94 89 30 58 17 10 95 30 49 62 53 53 63 24 26 20 75
14 3
61 31 94 19 34 16 1 32 86 47 29 48 29 79
100 4
51 74 65 27 37 67 49 21 11 61 19 2 44 47 10 86 1 91 44 71 88 95 16 85 76 72 83 83 64 20 76 70 62 18 73 73 38 5 41 9 67 5 74 5 13 56 41 35 10 46 32 2 83 40 14 2 31 5 54 5 74 64 77 5 14 29 10 61 19 86 65 44 16 71 91 95 65 69 68 34 67 44 71 53 11 26 71 11 29 22 65 65 59 23 68 50 37 32 68 37
100 4
94 77 43 76 71 55 85 74 88 85 95 90 70 94 44 16 40 17 96 20 34 94 87 19 79 1 67 52 37 7 94 55 20 94 40 91 33 67 37 73 94 91 43 39 34 91 4 65 61 83 63 83 94 95 76 64 94 70 4 17 83 64 64 18 2 18 13 69 88 97 47 22 26 29 9 67 34 46 62 80 70 34 85 79 70 13 69 61 58 67 88 67 76 10 91 97 20 31 58 34
100 4
98 55 57 35 92 47 37 46 47 19 40 49 19 8 44 83 94 1 31 37 40 43 88 70 70 7 8 97 49 65 52 91 7 55 24 67 85 22 81 43 79 67 77 28 22 98 1 16 51 19 10 76 91 55 7 80 91 66 75 34 35 62 47 44 76 2 82 80 35 38 31 22 67 87 94 4 13 98 37 35 44 46 71 37 49 28 73 16 20 79 4 67 10 67 45 17 70 43 85 11
100 4
37 87 91 83 97 26 98 76 75 46 95 57 43 92 20 55 7 48 64 16 8 35 95 53 35 10 43 20 64 16 94 20 10 71 61 16 97 94 95 44 74 7 55 40 34 94 25 16 28 71 70 72 11 41 76 18 23 13 52 24 19 95 78 85 79 17 46 55 37 2 46 4 70 7 46 97 55 52 47 31 98 70 55 23 83 4 23 6 25 91 17 26 2 66 55 85 53 64 61 73
100 4
50 40 82 31 43 27 5 32 19 98 62 39 55 74 86 44 9 67 8 2 22 91 77 78 49 19 85 15 57 60 38 7 50 84 98 47 68 5 76 73 73 37 65 8 80 56 26 34 26 8 16 25 2 47 1 29 76 50 5 39 68 98 74 73 55 94 57 98 3 14 50 25 59 41 33 86 68 35 52 56 90 38 73 65 17 67 67 40 98 29 26 23 35 53 38 74 41 40 47 59
100 3
11 17 8 92 27 1 73 41 51 74 64 40 88 20 82 90 35 4 94 93 43 86 52 67 59 10 7 95 47 58 55 57 94 95 13 27 94 27 43 82 35 65 93 37 49 94 61 85 13 64 9 71 86 41 50 97 56 39 94 43 30 95 54 39 32 14 74 8 49 52 91 40 91 6 73 40 85 77 55 18 88 79 82 50 55 73 49 92 49 16 76 84 61 55 67 39 79 52 64 34
100 3
26 38 71 50 31 83 65 62 33 23 92 47 26 83 71 5 63 58 62 31 58 85 10 82 11 10 55 80 50 4 87 40 41 56 27 62 90 17 89 50 13 55 55 23 55 39 61 49 92 74 85 49 51 68 65 41 70 46 56 19 38 90 12 37 24 8 50 32 77 23 2 77 83 98 50 91 8 32 83 95 28 39 31 53 35 34 62 59 87 95 94 47 95 47 53 26 61 14 97 49
100 3
26 91 54 13 92 35 9 31 65 34 88 37 20 67 97 47 35 86 82 7 15 37 38 40 4 88 80 34 47 31 87 31 85 10 88 91 13 97 64 59 44 29 4 58 97 71 64 13 50 83 45 46 82 8 73 32 25 31 1 10 21 41 94 84 60 5 63 79 55 95 39 79 52 49 67 49 31 67 19 85 84 88 85 77 35 31 88 71 63 91 70 58 30 18 30 87 79 73 4 19
100 3
49 28 81 88 31 55 53 88 22 89 29 25 88 37 25 85 97 91 85 10 19 88 91 95 21 2 46 61 92 65 86 65 76 28 50 16 40 54 70 8 37 82 82 52 94 22 43 36 18 34 46 11 37 46 56 5 82 8 19 91 4 85 52 31 64 16 67 81 64 92 53 97 79 19 8 41 79 49 1 64 65 46 70 28 91 22 61 85 3 10 44 73 76 62 16 47 92 10 28 68
100 3
98 86 62 98 87 16 58 47 14 40 58 42 1 23 35 71 92 70 83 98 10 62 35 47 74 32 61 80 22 77 50 92 35 12 20 87 89 5 34 17 41 75 47 82 2 29 32 83 25 54 32 20 35 77 1 68 81 37 83 83 74 80 31 82 58 23 57 7 97 85 85 94 25 65 5 83 86 98 24 3 5 7 25 86 65 43 17 57 1 29 28 97 31 98 73 32 14 68 28 80
100 3
20 89 65 49 5 25 97 68 65 62 32 88 62 77 21 94 67 9 80 56 74 50 8 55 83 41 91 29 73 79 71 8 46 91 19 20 86 59 25 8 16 47 97 38 1 26 8 11 13 14 61 49 47 68 42 89 17 37 8 80 40 62 51 63 23 41 79 35 49 8 20 57 65 23 58 89 29 55 68 80 32 65 95 17 41 92 20 73 8 10 44 57 55 19 38 28 85 56 13 92
100 3
50 97 94 98 77 97 59 13 83 71 97 50 53 2 92 52 52 41 20 70 39 61 46 62 71 89 77 52 11 64 62 32 97 40 59 49 62 40 5 80 65 5 93 19 76 6 74 38 44 1 49 52 88 74 56 83 55 21 5 92 77 2 47 16 28 35 86 58 86 32 83 86 56 16 97 82 97 98 47 32 77 11 4 71 14 11 6 68 70 10 98 36 28 66 86 89 4 35 62 34
100 3
74 85 65 19 23 50 77 56 44 38 92 64 83 14 68 92 70 74 62 98 75 47 25 9 31 85 56 8 50 9 36 38 23 10 25 41 47 11 68 71 52 32 32 65 56 66 56 41 26 33 59 62 53 50 63 46 65 52 19 43 53 56 15 66 41 4 82 53 52 71 68 51 40 20 35 74 30 28 69 83 43 13 33 68 29 95 48 74 58 95 62 83 71 85 65 24 26 81 53 65
100 3
95 67 95 76 15 19 25 70 17 4 82 45 10 13 14 83 14 50 37 23 49 83 29 62 70 34 8 95 64 71 40 86 67 77 43 27 40 10 10 16 15 58 32 70 45 43 41 97 27 56 80 53 85 58 67 19 88 32 32 13 41 1 30 82 22 46 13 1 45 88 31 76 31 20 37 34 30 46 70 28 64 2 55 60 4 32 89 94 63 91 11 98 34 91 82 83 59 70 77 46
100 3
74 80 11 77 62 41 89 86 70 31 16 23 59 83 38 14 59 67 64 98 58 92 46 20 86 5 79 81 58 62 29 80 26 14 66 19 8 74 14 2 83 41 66 86 43 80 14 63 14 61 91 25 44 38 86 33 83 14 94 41 11 41 59 38 13 87 13 56 52 28 71 92 83 5 80 8 22 46 89 43 80 87 60 17 19 83 41 31 55 41 64 10 62 70 87 54 44 49 71 28
100 3
62 50 86 34 8 35 39 26 5 54 32 79 61 56 92 23 8 52 14 68 89 8 94 59 89 53 77 10 92 47 86 77 90 31 37 67 26 23 48 1 97 61 59 11 74 83 68 7 53 13 53 72 59 14 41 50 10 66 22 5 52 29 35 50 8 83 69 47 89 32 1 64 98 74 68 35 3 40 11 36 25 2 89 10 74 47 29 37 92 86 72 26 2 62 73 7 17 62 4 6
100 2
11 50 31 8 23 38 84 99 44 94 75 15 16 25 30 97 61 88 26 79 80 48 65 37 68 17 4 20 1 80 35 36 53 25 71 34 32 78 12 66 50 99 59 73 68 24 74 58 6 2 97 99 15 93 84 20 46 78 74 74 49 36 19 71 86 60 88 73 94 94 33 7 75 67 68 89 60 98 29 35 42 62 51 73 23 43 68 31 98 61 65 41 1 31 96 9 77 88 17 21
100 3
89 35 77 71 46 83 5 46 68 80 71 41 79 44 17 98 22 10 73 84 35 80 62 74 17 8 80 5 19 19 56 26 47 74 15 92 52 35 7 48 26 27 33 97 66 32 46 7 55 61 89 29 73 20 93 29 25 31 29 86 80 25 56 71 79 68 1 89 84 33 32 8 5 35 38 50 58 92 56 73 13 14 38 17 77 19 31 98 14 73 43 95 20 44 68 19 39 50 41 50
16 3
38 82 46 41 83 53 73 4 60 76 97 41 79 1 32 89
100 3
71 41 86 20 23 76 43 80 92 35 86 14 29 90 39 74 56 92 53 68 92 49 55 8 92 59 92 85 98 62 44 24 83 50 11 14 59 71 44 35 53 48 5 58 17 88 86 97 40 50 16 79 95 79 89 36 53 38 28 7 29 95 47 38 11 71 74 2 83 33 31 55 60 30 20 29 97 89 58 80 37 56 89 8 17 20 24 67 2 80 98 76 83 92 23 86 79 14 91 47
100 3
49 70 77 92 86 31 7 15 28 23 20 95 32 16 98 44 37 47 80 46 22 79 71 15 21 28 34 61 71 94 71 89 31 98 28 87 92 86 8 95 95 20 70 77 56 80 22 88 23 52 83 57 20 29 39 77 43 19 51 92 8 77 77 31 20 11 56 38 98 59 25 47 41 30 89 97 79 65 77 59 57 83 50 71 17 53 98 65 77 37 77 77 1 91 5 24 26 79 19 98
100 3
49 40 17 77 39 20 56 80 29 2 9 26 8 68 68 5 41 2 83 47 14 88 25 23 24 98 69 5 2 5 23 95 44 88 17 23 44 53 67 65 89 2 29 69 29 83 62 10 71 5 79 65 55 31 35 53 32 12 35 30 70 5 8 96 74 37 23 59 83 8 58 59 14 61 50 31 68 91 74 15 46 70 59 77 8 35 71 80 56 27 18 74 80 83 83 83 2 27 74 50
100 3
61 13 76 31 77 34 64 55 37 28 88 88 10 21 8 92 11 8 76 25 52 37 34 49 13 82 54 70 67 55 49 49 82 73 42 43 10 91 97 71 52 94 52 50 79 94 71 55 4 26 67 3 92 37 28 37 40 58 7 50 52 56 67 82 65 35 10 91 31 97 50 67 4 3 91 37 49 80 58 1 65 58 86 70 4 19 70 9 45 58 14 7 40 78 94 13 93 40 68 97
100 3
88 88 93 13 13 32 26 10 96 95 25 73 76 64 20 77 52 57 32 23 41 48 31 81 91 76 76 43 14 16 73 94 94 1 42 16 62 13 25 8 46 1 31 10 55 53 94 72 97 1 64 76 40 14 53 43 91 95 46 79 97 40 85 97 31 79 52 91 73 20 10 83 97 2 13 93 17 14 56 94 51 19 50 13 8 48 40 63 52 62 59 85 94 67 35 4 28 79 44 94
100 3
77 20 68 80 52 11 59 56 44 38 76 93 5 50 14 68 47 13 46 71 55 95 59 50 80 71 17 72 23 47 92 74 38 98 54 98 56 29 8 2 28 20 16 65 29 34 98 2 65 4 74 92 12 89 8 43 89 95 67 11 77 65 28 2 98 14 90 94 1 53 74 64 62 28 71 82 55 64 56 79 74 56 29 44 52 89 47 82 11 53 44 50 74 98 51 68 71 64 77 91
100 3
65 8 35 77 60 19 74 86 97 1 94 54 6 1 59 38 74 17 45 2 76 8 65 35 20 98 9 89 73 40 23 11 41 95 20 98 7 7 23 11 26 20 88 89 92 74 20 76 38 11 4 42 23 44 56 80 31 20 15 32 71 92 88 61 68 55 4 20 35 91 50 68 22 85 7 56 22 58 79 64 46 23 74 8 10 74 2 68 44 47 20 67 6 13 56 44 10 53 53 59
100 3
92 76 69 42 92 45 21 10 7 46 90 88 4 70 87 55 89 67 24 10 67 70 53 85 49 32 82 82 32 41 59 85 72 97 10 92 73 46 67 83 82 58 15 61 59 55 8 4 58 96 65 79 4 17 64 12 43 79 64 59 34 8 17 80 84 34 73 10 34 34 38 91 13 13 76 17 95 1 31 43 33 44 43 1 20 91 25 7 59 40 31 44 5 38 23 4 75 76 23 55
2 3
11 20
100 3
65 70 85 27 34 37 36 7 11 89 82 84 90 16 10 38 59 72 93 17 2 50 84 96 28 93 94 16 49 69 47 86 32 85 43 70 7 89 69 96 70 62 27 74 54 13 42 87 64 56 85 78 85 97 19 5 40 58 71 57 42 37 18 17 56 24 16 78 74 71 90 19 44 56 85 76 94 14 93 39 62 81 80 14 4 90 26 24 59 12 2 75 40 6 92 63 4 75 44 62
100 3
59 35 48 78 79 29 22 50 62 29 57 86 77 68 31 44 49 6 94 44 26 2 68 10 86 77 62 64 50 92 16 19 21 23 53 49 20 65 28 7 50 44 10 11 20 40 56 9 47 88 41 43 55 62 84 86 58 26 11 28 32 35 59 25 21 77 68 2 29 4 66 59 82 47 91 95 2 10 50 7 41 72 71 61 20 14 47 5 10 70 80 3 71 61 16 35 68 4 44 62
100 3
53 96 38 2 76 1 88 17 58 95 10 29 41 14 62 82 44 68 47 1 53 98 74 1 19 83 14 92 76 5 41 8 67 86 47 32 11 86 71 35 17 76 74 2 95 65 38 98 27 50 17 41 96 45 74 23 46 73 58 29 41 5 14 25 64 44 79 34 88 74 87 5 76 16 68 88 68 95 75 28 77 89 67 55 8 92 5 38 32 78 45 1 62 78 89 52 7 4 50 95
100 3
33 6 24 5 2 65 74 17 55 29 44 59 15 59 25 44 8 11 89 90 22 53 26 20 88 67 35 35 57 35 5 16 56 46 4 31 26 83 4 58 29 2 14 77 17 23 74 14 2 97 59 44 92 42 7 69 2 83 4 77 89 77 80 35 64 50 29 95 16 91 64 29 87 14 64 44 8 68 55 95 95 8 11 18 59 30 1 43 67 89 33 44 23 41 8 68 91 15 46 33
100 3
41 91 79 89 83 17 77 7 34 35 8 68 56 83 90 17 15 61 32 85 11 8 73 47 11 65 17 93 44 8 20 44 35 19 5 13 82 1 56 80 63 20 26 79 89 23 2 52 75 82 70 43 83 65 5 62 56 29 34 50 74 35 80 68 71 97 13 85 48 89 40 5 20 8 17 21 21 23 63 56 94 53 2 1 68 47 22 24 23 68 74 71 50 79 50 29 38 77 58 5
100 3
23 49 20 86 42 71 59 35 48 64 8 53 60 23 27 65 55 46 38 59 95 98 23 20 22 39 27 77 19 35 83 20 40 68 78 4 5 4 70 65 20 69 36 15 26 72 41 19 79 41 8 46 38 19 77 80 26 23 42 92 30 94 2 95 14 74 80 29 92 58 65 28 56 92 2 59 51 88 41 14 40 26 34 27 54 92 83 74 28 69 80 11 91 62 20 2 71 95 95 37
16 3
1 69 83 62 36 4 27 82 10 25 71 11 75 6 25 65
100 3
97 73 95 22 17 5 52 29 52 31 26 10 7 97 48 16 94 19 75 37 77 43 44 79 64 35 35 10 14 7 28 64 93 17 77 94 34 43 13 76 85 4 70 46 73 61 4 28 92 21 85 41 91 85 14 73 62 53 91 40 28 47 63 28 49 34 1 94 20 81 63 37 52 2 71 31 56 11 14 61 34 7 25 40 67 97 16 59 57 82 52 4 82 82 90 81 88 25 10 52
18 2
26 93 46 12 53 67 76 15 13 51 58 26 7 50 58 89 76 46
100 3
73 46 49 39 70 79 94 82 1 97 56 32 94 33 31 8 34 84 86 98 91 35 2 23 25 19 22 63 34 48 58 22 94 50 2 37 28 66 73 70 66 13 7 1 67 52 71 60 85 98 34 47 76 77 97 61 27 11 58 89 89 27 41 79 89 62 40 77 78 77 4 50 37 68 5 60 65 22 97 79 16 65 80 41 4 81 65 15 32 1 28 94 97 38 52 88 55 85 10 79
100 3
83 17 77 5 27 83 36 2 14 50 32 62 64 93 28 38 74 93 44 49 28 26 46 74 47 89 11 47 34 57 62 35 8 47 74 86 16 62 71 83 76 50 7 45 98 48 98 77 73 33 16 58 23 81 50 59 59 89 2 11 17 40 29 61 86 8 86 28 50 29 83 56 59 75 48 9 14 67 64 70 32 40 62 20 29 76 77 74 14 13 50 74 11 95 98 46 77 46 88 29
100 3
97 37 44 89 75 43 34 60 91 65 85 67 13 49 49 31 89 71 66 82 83 82 64 49 7 38 1 88 71 40 12 88 10 25 82 73 74 10 61 23 19 34 88 33 68 37 4 49 10 46 88 23 87 37 15 70 33 58 10 36 53 1 34 98 61 92 16 20 1 49 34 64 46 74 83 88 89 55 92 73 58 85 64 41 70 7 55 49 31 88 34 67 49 16 40 13 14 91 43 78
100 3
8 93 8 98 95 83 38 80 11 82 73 37 82 41 33 40 74 25 97 47 53 38 22 46 38 26 5 62 75 19 2 20 20 88 41 40 68 97 95 72 81 56 17 59 74 65 67 29 56 95 65 83 14 37 53 38 82 33 16 92 23 19 11 97 98 94 76 18 38 98 4 41 71 79 21 71 38 80 82 39 8 77 94 52 85 89 15 39 11 56 94 83 1 77 46 52 4 22 71 80
23 3
83 34 80 60 10 76 76 38 46 7 64 59 39 70 79 53 70 43 69 80 2 37 79
24 3
61 34 58 76 88 10 61 34 38 20 26 82 88 31 44 86 86 18 31 47 67 58 16 41
100 3
92 37 96 89 42 78 7 68 32 82 28 80 86 26 45 46 68 41 82 26 55 47 29 95 2 29 16 27 5 90 50 89 62 1 26 2 28 59 58 77 34 77 61 40 33 52 29 74 56 71 1 14 56 71 20 61 49 58 70 71 34 2 80 32 34 8 9 26 19 59 6 66 83 38 49 82 40 90 82 41 35 74 27 26 38 37 23 50 11 57 32 5 62 69 23 45 1 87 92 4
100 3
50 56 68 4 20 8 86 11 9 5 92 16 35 2 73 60 29 35 79 5 89 2 65 49 82 89 5 41 53 83 98 34 17 59 94 62 20 35 53 56 33 53 73 19 75 23 97 86 65 86 7 58 77 86 4 7 17 1 98 38 80 92 41 98 95 10 16 53 38 10 22 2 76 25 65 52 7 60 55 77 61 53 13 53 35 62 11 47 31 44 69 76 11 83 77 95 41 77 41 39
2 2
79 71
100 3
4 34 94 77 22 19 43 65 79 91 13 25 44 35 89 9 61 35 94 10 41 49 25 34 74 7 64 73 4 44 24 58 59 83 55 94 55 64 6 58 47 37 25 13 13 13 25 10 55 69 16 41 54 49 11 37 8 56 61 62 1 55 85 43 46 20 60 37 43 58 19 27 67 32 70 52 5 13 81 68 40 41 92 91 27 50 18 25 19 29 52 61 77 45 67 49 54 13 67 37
14 3
43 22 53 46 7 70 53 8 44 38 53 86 4 82
100 3
15 91 97 35 29 55 13 2 94 26 35 64 89 46 67 77 23 19 25 49 21 23 85 56 1 11 55 67 1 23 4 89 88 40 69 85 97 83 16 76 37 58 2 69 82 68 37 60 46 64 79 44 97 86 52 31 76 22 42 44 41 80 20 73 88 1 88 38 4 13 58 46 85 49 82 43 34 6 73 73 22 82 62 97 43 61 7 49 4 82 28 69 26 40 71 66 71 24 80 59
100 3
59 55 10 17 97 61 32 76 83 7 74 14 29 29 88 19 74 73 13 98 34 94 23 49 41 86 83 23 98 86 53 61 95 38 1 23 14 95 79 7 1 98 71 8 94 32 95 5 76 52 43 77 11 59 74 76 19 70 62 77 68 79 1 67 55 88 23 28 68 46 53 91 59 46 80 52 5 86 86 35 73 65 61 31 37 49 1 89 47 67 26 20 16 82 94 82 91 46 97 79
23 3
83 44 47 52 94 25 41 28 41 94 56 89 86 59 65 59 22 29 17 11 77 88 73
100 3
64 8 94 95 59 97 35 29 16 71 45 56 89 89 32 41 21 22 18 13 29 23 20 30 72 92 8 86 25 5 4 73 55 86 59 95 75 11 83 22 95 10 53 52 77 25 38 47 32 79 41 35 22 53 20 71 16 80 26 95 32 13 5 91 71 62 13 43 71 79 13 64 31 86 75 89 2 71 82 59 45 65 74 98 96 47 85 95 50 95 44 73 32 35 19 17 44 52 23 34
1 2
32
100 3
19 64 95 31 79 58 91 97 28 24 61 1 83 44 62 7 70 67 79 85 1 79 59 40 61 34 54 64 29 22 11 62 67 90 1 59 10 82 48 55 94 94 77 52 13 84 13 86 92 70 17 19 20 23 8 56 37 79 49 3 47 1 93 19 34 79 32 44 20 10 53 58 28 8 38 22 80 88 76 4 28 1 85 39 44 13 14 37 58 37 77 43 49 38 11 88 1 65 65 16
11 3
64 50 86 52 98 80 59 9 40 82 37
1 3
8
100 3
82 49 29 82 46 42 94 54 76 68 78 32 94 28 11 48 64 25 34 25 61 82 13 53 71 19 52 2 5 62 17 35 82 82 75 59 37 71 56 1 13 20 64 67 95 50 73 35 28 56 61 85 38 91 23 55 46 56 45 2 34 7 73 79 19 80 40 5 21 71 97 58 82 55 36 35 34 58 74 13 61 14 10 1 40 85 50 73 85 41 79 72 37 95 40 8 73 19 58 40
100 3
91 92 6 5 29 63 62 56 49 74 92 89 58 68 9 77 88 41 44 93 23 65 78 88 89 25 36 58 65 92 32 45 47 92 5 86 79 17 32 20 71 1 55 2 61 35 41 52 62 56 20 8 44 5 35 8 39 64 80 76 46 83 14 65 29 47 44 71 29 59 20 10 26 59 5 32 13 14 62 41 8 89 62 53 80 56 46 7 29 8 93 24 35 31 65 71 68 25 31 23
100 3
17 97 16 13 24 85 94 91 7 34 37 7 16 33 48 45 40 61 94 33 94 27 80 98 34 49 53 42 45 95 59 65 34 17 40 35 73 88 67 34 83 70 58 46 85 76 49 19 58 73 35 69 84 60 34 31 29 59 43 6 19 52 53 82 91 84 4 13 73 85 38 63 43 28 79 31 18 82 39 17 71 44 70 55 71 49 40 40 52 2 52 16 10 21 50 73 53 79 43 1
