100
1 1
540 600
840 900
2 0
900 1260
180 540
1 1
1439 1440
0 1
1 0
1372 1440
2 0
1119 1248
1248 1440
0 2
585 603
1083 1440
0 2
1086 1440
771 1086
2 0
351 645
1349 1440
2 0
257 590
216 257
1 1
198 540
619 849
1 0
1419 1440
2 0
853 1266
1266 1440
1 1
54 708
708 1017
1 1
1281 1360
1360 1440
2 0
1079 1429
0 360
0 2
68 265
819 1103
2 0
98 305
1011 1440
0 2
0 1
1439 1440
0 2
774 1132
1132 1409
0 1
1233 1440
0 2
618 807
807 1175
0 2
10 360
1080 1440
1 1
1229 1440
303 468
0 1
310 665
2 0
1002 1209
17 276
2 0
867 932
932 1276
2 0
1403 1440
646 1024
1 0
1130 1207
0 2
1380 1440
916 1380
0 2
1080 1440
0 360
2 0
822 924
110 485
0 1
1094 1440
2 0
998 1275
16 61
2 0
1236 1440
785 1236
0 2
1129 1200
627 714
0 2
863 1126
216 408
2 0
1080 1430
0 360
2 0
106 125
125 155
0 2
1080 1440
11 361
0 2
439 617
617 703
2 0
904 1440
766 904
1 1
327 472
472 564
0 2
1013 1168
1168 1440
0 2
292 306
990 1330
0 2
541 901
180 540
2 0
903 1298
1298 1440
2 0
790 1035
1035 1440
2 0
770 806
1100 1174
0 2
425 639
639 751
2 0
1253 1333
1333 1440
0 2
889 1440
836 889
2 0
10 360
1079 1429
0 2
460 864
864 1032
0 2
889 1114
1114 1440
2 0
880 1007
318 506
1 0
960 1236
1 1
457 717
717 1271
0 2
891 1176
1176 1440
0 2
6 372
372 401
2 0
1110 1440
91 463
2 0
302 580
257 302
2 0
1065 1241
1241 1440
0 1
95 239
1 1
1297 1440
975 1021
2 0
1213 1440
770 836
1 0
966 1206
1 1
1388 1440
158 194
0 2
687 865
865 1156
2 0
696 741
287 696
2 0
154 187
187 482
1 1
221 386
1355 1440
2 0
1065 1230
911 972
2 0
880 1194
1194 1440
2 0
1316 1440
940 1316
2 0
799 1440
786 799
1 0
742 1440
1 0
829 872
2 0
1025 1215
1215 1440
2 0
1080 1430
10 360
2 0
862 1024
93 609
2 0
1358 1440
1167 1358
0 2
709 724
860 1269
1 1
108 484
1288 1440
0 2
180 540
540 900
0 2
179 539
540 900
2 0
182 198
1081 1172
0 2
337 363
384 412
0 1
640 1277
0 2
946 1335
54 275
1 1
345 849
1148 1440
2 0
809 958
958 1081
2 0
1080 1430
11 361
2 0
0 1
1439 1440
1 1
0 1
1439 1440
2 0
1307 1440
831 1307
0 2
490 761
761 1058
2 0
24 348
1138 1440
0 2
1401 1440
848 1059
2 0
721 984
542 721
1 0
600 1254
