100
1 1
540 600
840 900
2 0
900 1260
180 540
1 1
1439 1440
0 1
2 0
153 246
767 1033
2 0
177 286
431 664
2 0
786 1112
1112 1337
0 2
302 723
1160 1440
1 0
603 642
0 2
1004 1055
1055 1368
2 0
1002 1440
504 598
2 0
402 420
937 970
0 2
9 369
978 1113
1 1
694 1285
436 512
0 1
12 397
1 1
232 392
529 942
0 2
1080 1440
11 361
2 0
1249 1440
1159 1249
2 0
10 360
1079 1429
2 0
1008 1440
779 1008
1 0
1290 1440
2 0
817 1440
110 169
2 0
966 1049
1049 1440
0 2
982 1151
1151 1440
2 0
854 1309
1309 1440
1 0
830 887
1 1
1263 1440
846 872
0 2
901 1440
743 901
2 0
559 812
274 559
0 2
541 901
180 540
2 0
197 415
436 802
0 2
152 475
73 152
2 0
433 910
1300 1440
2 0
910 1143
1233 1440
0 1
1142 1355
1 0
904 1440
2 0
933 991
991 1440
0 2
1413 1440
1075 1413
0 2
1269 1440
822 1269
0 2
1003 1302
1397 1440
0 2
26 74
1299 1316
0 2
1204 1303
1303 1440
2 0
1358 1440
832 1358
0 2
1318 1440
1266 1318
2 0
1192 1440
764 1192
2 0
1208 1440
318 374
2 0
1079 1429
0 360
2 0
1335 1440
1199 1335
0 2
694 789
789 1254
2 0
1348 1440
1002 1203
0 2
141 501
1009 1303
1 0
1124 1440
2 0
989 1440
888 989
2 0
524 757
318 524
2 0
142 655
1384 1440
0 2
1140 1440
1120 1140
2 0
336 748
125 336
0 1
1082 1440
2 0
1145 1261
1261 1440
2 0
37 55
183 647
2 0
710 907
1142 1440
2 0
848 1009
1009 1135
0 2
1416 1440
1044 1228
0 2
442 588
832 855
2 0
849 1232
1232 1440
1 1
1411 1440
55 450
2 0
597 745
448 593
0 2
544 1025
1025 1232
2 0
565 618
661 1126
2 0
1360 1418
1418 1440
2 0
797 1004
757 797
1 1
0 1
1439 1440
0 2
540 900
179 539
0 2
1439 1440
0 1
0 2
1297 1440
1115 1297
0 2
1080 1440
10 360
0 2
540 900
180 540
0 2
1311 1440
502 548
2 0
10 360
1080 1430
1 1
1366 1440
823 1218
2 0
746 779
779 1440
2 0
1080 1430
11 361
0 2
1399 1440
218 377
1 1
836 1148
1194 1335
2 0
530 571
245 530
0 1
1218 1440
0 2
0 360
1080 1440
2 0
1315 1399
844 910
2 0
814 1388
1388 1440
1 1
514 937
937 1440
2 0
301 660
1371 1440
0 1
96 147
0 1
641 1038
2 0
1080 1430
0 360
1 1
201 215
1303 1440
2 0
1042 1060
1060 1440
0 2
78 415
506 672
2 0
997 1440
313 567
2 0
1439 1440
0 1
2 0
818 1086
1086 1388
0 2
216 580
580 627
