100
4 4
1.4000
0.5000 0.7000 0.8000 0.6000
2 2
1.0000
0.0000 0.0000
2 2
0.0000
0.9000 0.8000
2 2
0.1000
0.4000 0.5000
46 46
19.4340
0.1029 0.6555 0.4909 0.3837 0.5998 0.7840 0.7637 0.1978 0.5275 0.5170 0.8079 0.3170 0.6690 0.9791 0.3034 0.0017 0.8477 0.6826 0.2820 0.0796 0.1412 0.4321 0.1436 0.8937 0.8073 0.7408 0.3627 0.3734 0.4134 0.8671 0.2610 0.2649 0.3711 0.5151 0.8835 0.5379 0.2461 0.3848 0.2007 0.4281 0.9057 0.2288 0.5258 0.5846 0.3285 0.6905
48 48
24.8257
0.3945 0.1257 0.8448 0.8813 0.3104 0.6428 0.1499 0.7449 0.3265 0.3296 0.5981 0.0503 0.8569 0.3025 0.4832 0.3348 0.3950 0.6469 0.2513 0.2595 0.8998 0.9739 0.9166 0.1659 0.0558 0.5065 0.6561 0.3056 0.6404 0.9622 0.4529 0.0167 0.0082 0.2255 0.0886 0.1391 0.2420 0.0160 0.8952 0.7383 0.8012 0.2076 0.1492 0.8904 0.4908 0.0343 0.0733 0.4091
48 48
23.9105
0.0666 0.2765 0.6113 0.1475 0.3063 0.1971 0.9861 0.1903 0.3040 0.7924 0.9431 0.0618 0.3094 0.9584 0.1727 0.0517 0.7709 0.4563 0.8463 0.5740 0.1459 0.0285 0.8752 0.0356 0.9601 0.0214 0.2068 0.1815 0.7201 0.9039 0.4725 0.5615 0.6270 0.0562 0.2282 0.0873 0.9198 0.1662 0.8470 0.7541 0.2082 0.0999 0.3316 0.2183 0.2768 0.7494 0.7024 0.2377
50 50
0.0050
0.9999 0.9999 0.9999 0.9999 0.9999 0.9999 0.9999 0.9999 0.9999 0.9999 0.9999 0.9999 0.9999 0.9999 0.9999 0.9999 0.9999 0.9999 0.9999 0.9999 0.9999 0.9999 0.9999 0.9999 0.9999 0.9999 0.9999 0.9999 0.9999 0.9999 0.9999 0.9999 0.9999 0.9999 0.9999 0.9999 0.9999 0.9999 0.9999 0.9999 0.9999 0.9999 0.9999 0.9999 0.9999 0.9999 0.9999 0.9999 0.9999 0.9999
47 47
0.5837
0.6131 0.6696 0.6248 0.7999 0.8283 0.5956 0.4740 0.4186 0.7970 0.8207 0.5603 0.7741 0.1457 0.2637 0.7167 0.5646 0.3602 0.5373 0.0343 0.7335 0.7012 0.9160 0.7619 0.3682 0.8177 0.8003 0.4499 0.1213 0.8463 0.3154 0.6586 0.9137 0.3950 0.4096 0.5064 0.3793 0.2916 0.6048 0.0082 0.8867 0.2756 0.2976 0.5026 0.0304 0.9918 0.1291 0.8738
47 47
19.8005
0.8765 0.6614 0.3992 0.2908 0.6744 0.6435 0.7369 0.3761 0.7850 0.6892 0.0354 0.7406 0.6519 0.5529 0.5681 0.0398 0.5476 0.4277 0.5758 0.9151 0.8017 0.5465 0.3497 0.3146 0.4836 0.6164 0.6534 0.8640 0.1470 0.9345 0.1389 0.8885 0.4696 0.2673 0.6300 0.9225 0.4820 0.7479 0.0905 0.2225 0.9906 0.9517 0.5912 0.2803 0.4660 0.4534 0.5234
49 49
19.7503
0.1173 0.1082 0.5628 0.8576 0.1961 0.4549 0.3262 0.9698 0.2749 0.8687 0.9375 0.1227 0.1166 0.9453 0.9136 0.5042 0.1385 0.6318 0.3679 0.8730 0.7976 0.0727 0.2010 0.1251 0.0795 0.7769 0.8918 0.9790 0.3292 0.2023 0.2537 0.1064 0.6692 0.5053 0.2509 0.8362 0.1205 0.4886 0.9140 0.1283 0.3862 0.6339 0.4910 0.8915 0.5253 0.5997 0.1588 0.1343 0.0308
47 47
2.2784
0.9963 0.9917 0.1277 0.1370 0.9460 0.2816 0.1259 0.9042 0.6562 0.9056 0.6587 0.8489 0.8278 0.6506 0.8193 0.6852 0.7586 0.0708 0.1305 0.7939 0.1637 0.0239 0.8156 0.1664 0.9770 0.1539 0.7511 0.3553 0.1005 0.7958 0.5550 0.5519 0.2346 0.6641 0.1427 0.4354 0.3635 0.3204 0.8419 0.3084 0.1902 0.3364 0.6483 0.1028 0.4495 0.4923 0.8840
48 48
18.2736
0.0407 0.3884 0.6366 0.5178 0.6472 0.0705 0.5734 0.2132 0.2531 0.5103 0.2998 0.6407 0.9444 0.9965 0.6508 0.3738 0.8180 0.9908 0.9168 0.1156 0.7243 0.4244 0.2770 0.7459 0.9341 0.5842 0.9410 0.3261 0.6019 0.4449 0.5540 0.2800 0.4442 0.6321 0.4087 0.5675 0.0646 0.7467 0.1542 0.4255 0.7936 0.1284 0.4824 0.8078 0.0461 0.8290 0.0690 0.5936
50 50
0.0000
1.0000 1.0000 1.0000 1.0000 1.0000 1.0000 1.0000 1.0000 1.0000 1.0000 1.0000 1.0000 1.0000 1.0000 1.0000 1.0000 1.0000 1.0000 1.0000 1.0000 1.0000 1.0000 1.0000 1.0000 1.0000 1.0000 1.0000 1.0000 1.0000 1.0000 1.0000 1.0000 1.0000 1.0000 1.0000 1.0000 1.0000 1.0000 1.0000 1.0000 1.0000 1.0000 1.0000 1.0000 1.0000 1.0000 1.0000 1.0000 1.0000 1.0000
46 46
17.2173
0.2892 0.6601 0.5716 0.2434 0.7204 0.1797 0.0347 0.3606 0.3763 0.9383 0.9889 0.9599 0.9290 0.0377 0.9001 0.7968 0.3580 0.0939 0.6880 0.9272 0.7900 0.1852 0.9352 0.6291 0.1757 0.5240 0.8776 0.7503 0.2000 0.0433 0.2797 0.8785 0.7933 0.2711 0.3712 0.2971 0.5562 0.0079 0.7279 0.5418 0.3288 0.7618 0.3953 0.2247 0.4251 0.7467
49 49
18.3879
0.8389 0.7986 0.0691 0.9642 0.0095 0.8689 0.6005 0.3552 0.8086 0.0235 0.5401 0.8533 0.5189 0.1242 0.0727 0.7709 0.2831 0.3163 0.2213 0.7139 0.4665 0.8723 0.3479 0.7679 0.5535 0.1001 0.8818 0.5935 0.2728 0.2118 0.3467 0.6350 0.0863 0.7481 0.3033 0.0171 0.4746 0.0824 0.9056 0.8175 0.3918 0.2100 0.4371 0.6369 0.8403 0.4188 0.6170 0.5645 0.3109
50 50
22.2838
0.0830 0.7364 0.0994 0.8166 0.6403 0.8563 0.2494 0.3959 0.1591 0.5189 0.2272 0.4031 0.5862 0.2017 0.7251 0.0307 0.2536 0.5705 0.3519 0.3665 0.3338 0.8590 0.5157 0.3557 0.7116 0.5730 0.4531 0.3788 0.6223 0.5018 0.4357 0.9061 0.6307 0.2273 0.0522 0.6907 0.5425 0.1006 0.2845 0.0526 0.0613 0.6324 0.1292 0.3451 0.0474 0.9949 0.9796 0.5369 0.0386 0.6802
50 50
16.6012
0.5811 0.6076 0.1887 0.9833 0.1767 0.1002 0.6880 0.5127 0.5252 0.6512 0.2812 0.8778 0.8070 0.6450 0.1607 0.9721 0.2902 0.0989 0.4165 0.4857 0.2818 0.7046 0.1146 0.4781 0.9692 0.1730 0.7320 0.5251 0.6108 0.6245 0.1460 0.8802 0.7569 0.7852 0.8226 0.4575 0.6888 0.8690 0.0819 0.2995 0.7031 0.1493 0.1035 0.7734 0.6759 0.3485 0.3369 0.4612 0.5157 0.9067
45 45
15.1537
0.5714 0.1360 0.7718 0.6038 0.9788 0.6758 0.2796 0.5704 0.5837 0.3221 0.3217 0.1814 0.3719 0.0798 0.4967 0.7927 0.8390 0.1481 0.2579 0.1212 0.1219 0.0207 0.6827 0.8028 0.7519 0.6421 0.2607 0.9991 0.9929 0.6187 0.9712 0.6843 0.0678 0.3770 0.6147 0.6130 0.9802 0.9736 0.3587 0.1478 0.5749 0.6570 0.0414 0.6441 0.1559
48 48
17.1151
0.8943 0.8818 0.0221 0.0106 0.9285 0.9846 0.0608 0.9384 0.9928 0.4365 0.8403 0.4887 0.0823 0.7262 0.2631 0.7665 0.5372 0.5537 0.1480 0.8122 0.2730 0.7319 0.2217 0.8587 0.1020 0.8851 0.2231 0.4304 0.7789 0.1470 0.0816 0.1755 0.7112 0.2211 0.3156 0.7425 0.5611 0.3645 0.7104 0.8795 0.9944 0.3400 0.3800 0.1534 0.6459 0.8819 0.8593 0.6402
48 48
17.4955
0.2967 0.8708 0.4431 0.5021 0.3292 0.1174 0.4751 0.9006 0.2964 0.3131 0.5403 0.8083 0.8270 0.4177 0.4723 0.2813 0.4239 0.4697 0.2370 0.7411 0.3627 0.0227 0.0073 0.7029 0.9725 0.9762 0.6570 0.4838 0.7647 0.7745 0.0335 0.5891 0.3436 0.6394 0.5964 0.0642 0.2115 0.2796 0.1291 0.6549 0.0705 0.2606 0.5191 0.9413 0.7863 0.2380 0.5009 0.2372
50 50
33.3350
0.3333 0.3333 0.3333 0.3333 0.3333 0.3333 0.3333 0.3333 0.3333 0.3333 0.3333 0.3333 0.3333 0.3333 0.3333 0.3333 0.3333 0.3333 0.3333 0.3333 0.3333 0.3333 0.3333 0.3333 0.3333 0.3333 0.3333 0.3333 0.3333 0.3333 0.3333 0.3333 0.3333 0.3333 0.3333 0.3333 0.3333 0.3333 0.3333 0.3333 0.3333 0.3333 0.3333 0.3333 0.3333 0.3333 0.3333 0.3333 0.3333 0.3333
45 45
17.8400
0.9520 0.1406 0.9755 0.3448 0.7475 0.7508 0.5673 0.2664 0.6878 0.9038 0.4829 0.7097 0.8600 0.4841 0.7923 0.4029 0.2369 0.5633 0.3703 0.0257 0.5752 0.1823 0.6374 0.2972 0.8090 0.3037 0.9840 0.4220 0.5661 0.5430 0.1984 0.7660 0.3379 0.4483 0.7427 0.1853 0.3645 0.7934 0.0585 0.2969 0.5355 0.4339 0.4378 0.1581 0.1532
50 50
18.3316
0.3932 0.4409 0.8071 0.9636 0.8304 0.3287 0.6282 0.5319 0.1954 0.7658 0.2286 0.8407 0.5131 0.1382 0.4977 0.6531 0.9008 0.3790 0.7736 0.2504 0.1944 0.8468 0.5390 0.8888 0.8768 0.9671 0.4539 0.9016 0.5381 0.1972 0.4616 0.2355 0.2055 0.5660 0.8326 0.9398 0.8643 0.2377 0.4657 0.6354 0.3170 0.0905 0.5755 0.9584 0.4061 0.3778 0.3812 0.1293 0.2928 0.3566
49 49
20.4995
0.0163 0.0690 0.0792 0.5858 0.9177 0.9793 0.5119 0.9622 0.9038 0.8377 0.1924 0.4423 0.0693 0.2672 0.2197 0.1581 0.3445 0.8796 0.9299 0.2855 0.6937 0.2705 0.3738 0.7150 0.4934 0.0366 0.9490 0.2511 0.8863 0.4398 0.2647 0.0302 0.6045 0.0986 0.8191 0.9311 0.9362 0.5313 0.5723 0.0819 0.4620 0.8019 0.9517 0.3816 0.2763 0.3212 0.7440 0.9619 0.8750
45 45
19.4826
0.4541 0.0891 0.0638 0.6855 0.0379 0.6157 0.3042 0.5268 0.0689 0.2889 0.0251 0.2595 0.4521 0.9924 0.2225 0.4661 0.5397 0.9179 0.0506 0.7328 0.9697 0.0361 0.8744 0.9367 0.4742 0.2579 0.1516 0.3738 0.7666 0.6193 0.0188 0.9328 0.8967 0.0430 0.2109 0.5247 0.2460 0.1084 0.1728 0.1635 0.5327 0.5060 0.8720 0.3731 0.8480
46 46
14.3136
0.7796 0.6354 0.1469 0.2097 0.5927 0.3735 0.8175 0.8276 0.9570 0.9210 0.0700 0.3906 0.1209 0.3469 0.6505 0.8228 0.2726 0.1917 0.6138 0.9893 0.8413 0.3636 0.3447 0.7366 0.9370 0.8114 0.7767 0.2889 0.2642 0.8161 0.3120 0.9878 0.2696 0.4989 0.1870 0.8152 0.0809 0.4329 0.9066 0.0247 0.2408 0.7878 0.7982 0.8844 0.7274 0.2564
2 2
0.3333
0.5000 0.5000
2 2
0.0000
1.0000 1.0000
49 49
20.1824
0.1231 0.5863 0.1155 0.4191 0.3385 0.6828 0.0267 0.6881 0.2191 0.0600 0.5770 0.5502 0.2392 0.5100 0.7760 0.0539 0.1827 0.9685 0.8623 0.2580 0.3305 0.3562 0.3942 0.8812 0.6539 0.7884 0.3958 0.7728 0.3832 0.3454 0.3256 0.6734 0.6123 0.4302 0.5988 0.2760 0.2298 0.3823 0.0954 0.6919 0.6528 0.5457 0.1438 0.5516 0.1123 0.2612 0.1023 0.8371 0.7851
1 1
0.3333
0.5000
46 46
16.7951
0.2164 0.2703 0.9080 0.9373 0.9263 0.8343 0.0962 0.2998 0.7004 0.5099 0.1258 0.1700 0.9666 0.3013 0.9347 0.0350 0.5856 0.9514 0.2179 0.5759 0.4032 0.7669 0.5061 0.1554 0.1962 0.5096 0.5898 0.5384 0.7411 0.5220 0.4764 0.6022 0.5037 0.6621 0.4171 0.8270 0.7214 0.4737 0.0088 0.2760 0.3548 0.5010 0.1390 0.7640 0.3455 0.6979
50 50
18.5450
0.8558 0.1611 0.2162 0.5510 0.6337 0.5069 0.1718 0.0446 0.8314 0.4171 0.1359 0.3167 0.1556 0.3486 0.8419 0.8996 0.3534 0.4627 0.5068 0.7833 0.2811 0.7756 0.5864 0.0055 0.7626 0.5972 0.4278 0.0455 0.1962 0.8905 0.7823 0.5234 0.3917 0.4239 0.3931 0.0575 0.3896 0.7145 0.7629 0.1895 0.2828 0.3463 0.9760 0.3952 0.9599 0.7630 0.6445 0.0747 0.5914 0.2216
46 46
14.5482
0.1130 0.3121 0.6458 0.1019 0.6656 0.8301 0.8214 0.1948 0.7633 0.9779 0.9038 0.6895 0.1401 0.7952 0.9827 0.0198 0.2101 0.6868 0.5797 0.6244 0.7711 0.4206 0.1155 0.6839 0.8327 0.7318 0.9967 0.8616 0.2466 0.9201 0.0266 0.3752 0.7447 0.6542 0.9186 0.3254 0.8866 0.2656 0.7315 0.6353 0.3331 0.8539 0.9220 0.6754 0.0153 0.2833
48 48
17.4566
0.5029 0.2094 0.5927 0.0721 0.8227 0.9227 0.1496 0.5809 0.1517 0.8306 0.2946 0.4217 0.9831 0.4176 0.3061 0.1247 0.3186 0.2474 0.1729 0.1937 0.4080 0.0842 0.5126 0.7937 0.4938 0.9953 0.1576 0.8948 0.1147 0.6639 0.7503 0.4079 0.3642 0.9832 0.8685 0.3117 0.3811 0.1384 0.0152 0.7349 0.8477 0.3324 0.1894 0.8913 0.7129 0.2979 0.7492 0.9888
49 49
23.6073
0.6455 0.8064 0.6084 0.2872 0.5080 0.6753 0.0055 0.5545 0.2282 0.2593 0.4455 0.6185 0.3706 0.4242 0.1264 0.4510 0.8601 0.0830 0.6387 0.6731 0.7633 0.2953 0.9340 0.5779 0.6100 0.2030 0.2307 0.6839 0.1574 0.0243 0.3699 0.2407 0.8182 0.2383 0.9940 0.6951 0.8161 0.6093 0.2614 0.8723 0.3421 0.1594 0.8702 0.1540 0.1992 0.6750 0.8744 0.8026 0.5743
46 46
15.9279
0.2457 0.5069 0.5688 0.3846 0.8828 0.7125 0.4231 0.1188 0.9090 0.7159 0.3035 0.8236 0.1794 0.4979 0.2124 0.9647 0.0861 0.5588 0.4607 0.8642 0.9125 0.3139 0.5016 0.3232 0.1849 0.5093 0.1175 0.4144 0.1269 0.2037 0.7630 0.6888 0.4988 0.4137 0.5072 0.4014 0.3354 0.0138 0.3299 0.2478 0.9909 0.9360 0.2180 0.9220 0.7627 0.1533
47 47
19.1352
0.6160 0.9842 0.9797 0.7529 0.4353 0.5571 0.2903 0.6434 0.7063 0.2642 0.3324 0.7015 0.8248 0.9472 0.8989 0.0266 0.5825 0.6085 0.4549 0.1689 0.7332 0.1491 0.3522 0.3090 0.2859 0.1141 0.0163 0.6834 0.0100 0.8306 0.8035 0.7011 0.8850 0.2745 0.9277 0.3299 0.5471 0.4446 0.3635 0.3894 0.5230 0.0834 0.5404 0.6128 0.3060 0.0800 0.1871
1 1
1.0000
0.0000
47 47
18.5131
0.0490 0.6634 0.2032 0.8100 0.0626 0.0253 0.4208 0.8404 0.7658 0.9727 0.8029 0.1433 0.3948 0.8872 0.0420 0.2896 0.7172 0.7104 0.6529 0.2737 0.0073 0.9550 0.1779 0.6008 0.8169 0.8153 0.0876 0.0049 0.2466 0.2688 0.3961 0.2740 0.9381 0.7290 0.8993 0.8819 0.8311 0.8354 0.8133 0.8768 0.0571 0.6005 0.6919 0.5740 0.1720 0.7695 0.7494
50 50
0.0000
0.9999 0.9999 0.9999 0.9999 0.9999 0.9999 0.9999 0.9999 0.9999 0.9999 0.9999 0.9999 0.9999 0.9999 0.9999 0.9999 0.9999 0.9999 0.9999 0.9999 0.9999 0.9999 0.9999 0.9999 0.9999 0.9999 0.9999 0.9999 0.9999 0.9999 0.9999 0.9999 0.9999 0.9999 0.9999 0.9999 0.9999 0.9999 0.9999 0.9999 0.9999 0.9999 0.9999 0.9999 0.9999 0.9999 0.9999 0.9999 0.9999 0.9999
48 48
22.3693
0.9052 0.4055 0.4549 0.5222 0.4212 0.9769 0.4885 0.9242 0.6057 0.4984 0.4324 0.8425 0.9234 0.0802 0.0506 0.9297 0.0953 0.8347 0.3304 0.1611 0.5512 0.0088 0.4146 0.7062 0.1216 0.6920 0.2986 0.5806 0.0997 0.8003 0.4237 0.1888 0.8496 0.7856 0.5977 0.5689 0.2600 0.9354 0.0432 0.5132 0.2498 0.3964 0.0194 0.2700 0.9737 0.7012 0.2175 0.2299
48 48
20.2021
0.2422 0.9691 0.8232 0.4259 0.3454 0.8579 0.8830 0.8164 0.5105 0.5645 0.8950 0.5581 0.1381 0.7672 0.0674 0.3105 0.0729 0.9823 0.3529 0.7354 0.8750 0.0438 0.2828 0.4354 0.0853 0.1364 0.8640 0.6527 0.3774 0.8076 0.4641 0.2288 0.5051 0.0179 0.5166 0.3092 0.6590 0.5198 0.8780 0.7927 0.7383 0.6319 0.1475 0.5233 0.7526 0.7521 0.2061 0.9461
48 48
16.9813
0.5130 0.8148 0.9309 0.6809 0.0433 0.1087 0.3235 0.7778 0.9856 0.7349 0.1502 0.5501 0.3215 0.2481 0.9246 0.1654 0.9584 0.6296 0.4622 0.1272 0.4362 0.2850 0.4927 0.1621 0.8811 0.3825 0.6054 0.5156 0.1477 0.8427 0.0924 0.0479 0.2926 0.4128 0.3980 0.7228 0.7953 0.2275 0.6409 0.7108 0.6796 0.8809 0.2369 0.2072 0.8222 0.9003 0.6943 0.7080
50 50
22.5169
0.1969 0.0584 0.1891 0.2508 0.7057 0.9030 0.0960 0.4942 0.6919 0.5940 0.3706 0.1785 0.4995 0.3099 0.1453 0.9585 0.8672 0.7700 0.6046 0.7051 0.2762 0.8971 0.1888 0.3599 0.8876 0.3155 0.6885 0.2973 0.1976 0.8187 0.5408 0.4904 0.3198 0.8841 0.4397 0.1417 0.4585 0.7616 0.7028 0.4527 0.5563 0.3030 0.8701 0.7577 0.5517 0.5147 0.1528 0.2131 0.2997 0.2984
2 2
0.5000
0.5000 0.5000
45 45
3.5904
0.1720 0.1272 0.7122 0.2414 0.5221 0.4465 0.3655 0.4581 0.6942 0.7976 0.4972 0.3892 0.5679 0.1036 0.2361 0.3880 0.1824 0.9111 0.8075 0.1847 0.9563 0.8465 0.7248 0.3308 0.3028 0.5127 0.4031 0.7398 0.3252 0.6697 0.7715 0.8945 0.3085 0.4244 0.5776 0.3233 0.4520 0.4820 0.1018 0.3324 0.3448 0.4568 0.2692 0.4654 0.8268
50 50
1.0000
0.3333 0.3333 0.3333 0.3333 0.3333 0.3333 0.3333 0.3333 0.3333 0.3333 0.3333 0.3333 0.3333 0.3333 0.3333 0.3333 0.3333 0.3333 0.3333 0.3333 0.3333 0.3333 0.3333 0.3333 0.3333 0.3333 0.3333 0.3333 0.3333 0.3333 0.3333 0.3333 0.3333 0.3333 0.3333 0.3333 0.3333 0.3333 0.3333 0.3333 0.3333 0.3333 0.3333 0.3333 0.3333 0.3333 0.3333 0.3333 0.3333 0.3333
50 50
0.0000
0.8765 0.8765 0.8765 0.8765 0.8765 0.8765 0.8765 0.8765 0.8765 0.8765 0.8765 0.8765 0.8765 0.8765 0.8765 0.8765 0.8765 0.8765 0.8765 0.8765 0.8765 0.8765 0.8765 0.8765 0.8765 0.8765 0.8765 0.8765 0.8765 0.8765 0.8765 0.8765 0.8765 0.8765 0.8765 0.8765 0.8765 0.8765 0.8765 0.8765 0.8765 0.8765 0.8765 0.8765 0.8765 0.8765 0.8765 0.8765 0.8765 0.8765
49 49
2.2603
0.8561 0.7932 0.9229 0.5154 0.4379 0.0739 0.3545 0.6857 0.5352 0.4581 0.4856 0.2368 0.7481 0.7961 0.7064 0.4606 0.7213 0.1679 0.4795 0.8691 0.5095 0.7694 0.0852 0.8491 0.6047 0.2831 0.7809 0.3850 0.8378 0.6125 0.2869 0.5165 0.5347 0.5509 0.1329 0.7001 0.2235 0.5337 0.6942 0.1160 0.2017 0.0706 0.2062 0.6873 0.1762 0.7444 0.4266 0.3106 0.8354
49 49
14.5601
0.7712 0.8745 0.8204 0.6650 0.3462 0.7984 0.4563 0.9109 0.7006 0.5826 0.7373 0.7317 0.6263 0.0610 0.6301 0.4920 0.4375 0.8242 0.9088 0.9788 0.9290 0.2919 0.9629 0.3695 0.9724 0.5432 0.3857 0.3721 0.1899 0.5225 0.2914 0.5290 0.8271 0.0593 0.5949 0.2776 0.4140 0.7910 0.7404 0.1392 0.4643 0.0991 0.9742 0.5585 0.8749 0.0350 0.9117 0.4265 0.7059
50 50
0.0000
0.8700 0.8700 0.8700 0.8700 0.8700 0.8700 0.8700 0.8700 0.8700 0.8700 0.8700 0.8700 0.8700 0.8700 0.8700 0.8700 0.8700 0.8700 0.8700 0.8700 0.8700 0.8700 0.8700 0.8700 0.8700 0.8700 0.8700 0.8700 0.8700 0.8700 0.8700 0.8700 0.8700 0.8700 0.8700 0.8700 0.8700 0.8700 0.8700 0.8700 0.8700 0.8700 0.8700 0.8700 0.8700 0.8700 0.8700 0.8700 0.8700 0.8700
46 46
20.2435
0.9223 0.4941 0.3447 0.7685 0.4834 0.1793 0.7138 0.7142 0.5973 0.8584 0.4648 0.0842 0.8133 0.8834 0.5170 0.3337 0.0427 0.3073 0.6920 0.9979 0.1181 0.6846 0.2695 0.5162 0.2460 0.2562 0.2211 0.6628 0.0826 0.6065 0.9579 0.0713 0.8619 0.0012 0.4618 0.9214 0.2596 0.8832 0.1905 0.8770 0.5971 0.9747 0.2342 0.1140 0.7679 0.2733
50 50
0.0000
0.3333 0.3333 0.3333 0.3333 0.3333 0.3333 0.3333 0.3333 0.3333 0.3333 0.3333 0.3333 0.3333 0.3333 0.3333 0.3333 0.3333 0.3333 0.3333 0.3333 0.3333 0.3333 0.3333 0.3333 0.3333 0.3333 0.3333 0.3333 0.3333 0.3333 0.3333 0.3333 0.3333 0.3333 0.3333 0.3333 0.3333 0.3333 0.3333 0.3333 0.3333 0.3333 0.3333 0.3333 0.3333 0.3333 0.3333 0.3333 0.3333 0.3333
46 46
14.0848
0.5388 0.7969 0.4755 0.5451 0.0830 0.6542 0.7529 0.7469 0.8337 0.6511 0.6484 0.4289 0.7796 0.5625 0.0255 0.6285 0.4721 0.0455 0.0104 0.9323 0.0149 0.5880 0.8888 0.2910 0.2350 0.3716 0.9800 0.7494 0.3097 0.8427 0.6532 0.4085 0.7735 0.8680 0.2072 0.4432 0.6592 0.0353 0.7460 0.5119 0.7146 0.9678 0.2934 0.4660 0.3517 0.9109
45 45
11.3530
0.3093 0.4875 0.9807 0.6473 0.3441 0.8874 0.7135 0.7988 0.6890 0.9578 0.5841 0.1531 0.7285 0.3592 0.8468 0.6615 0.6014 0.8283 0.7514 0.3032 0.0892 0.8865 0.9200 0.7019 0.5357 0.2333 0.5464 0.4166 0.9092 0.6713 0.8893 0.4333 0.4102 0.6469 0.6841 0.3246 0.5488 0.7192 0.8269 0.7027 0.6473 0.8898 0.4141 0.5222 0.9106
50 50
18.4237
0.1653 0.8274 0.9600 0.0101 0.8548 0.2492 0.7888 0.3474 0.0676 0.6572 0.0520 0.5174 0.6132 0.7368 0.4769 0.6849 0.5876 0.3804 0.1012 0.1434 0.0213 0.3609 0.8311 0.0690 0.5023 0.7509 0.4853 0.7038 0.0128 0.6061 0.3705 0.3381 0.9973 0.9980 0.7471 0.4984 0.6200 0.9226 0.6277 0.4491 0.2911 0.5821 0.2465 0.4020 0.8892 0.8785 0.8517 0.1512 0.3047 0.0753
46 46
14.4695
0.4688 0.5621 0.2683 0.0966 0.8448 0.2209 0.3357 0.3000 0.0374 0.0373 0.7787 0.1923 0.1382 0.3898 0.1850 0.6492 0.2857 0.4990 0.6216 0.2116 0.8961 0.7852 0.7043 0.5715 0.9446 0.9753 0.6382 0.9602 0.4205 0.6867 0.9965 0.8342 0.8601 0.1988 0.3082 0.5349 0.9811 0.8788 0.7977 0.9462 0.0674 0.9928 0.4938 0.3831 0.3135 0.9892
46 46
14.9516
0.3884 0.9519 0.3154 0.6211 0.9573 0.1751 0.8995 0.2711 0.9577 0.6328 0.4319 0.9172 0.6687 0.0611 0.2511 0.1302 0.3415 0.9300 0.4071 0.6638 0.4014 0.2763 0.8818 0.7927 0.4015 0.4097 0.5226 0.2858 0.0637 0.8279 0.1328 0.8409 0.6925 0.6211 0.1725 0.6567 0.9009 0.7766 0.3819 0.1753 0.7062 0.1102 0.2345 0.8311 0.7203 0.8845
46 46
18.1871
0.1477 0.1347 0.5334 0.4948 0.6706 0.7129 0.7224 0.1066 0.1231 0.4488 0.3490 0.8398 0.6662 0.0710 0.0431 0.2240 0.1803 0.6191 0.5612 0.2161 0.4656 0.6721 0.7333 0.5557 0.5216 0.6143 0.1021 0.1467 0.0576 0.4899 0.1819 0.1289 0.4375 0.6118 0.2293 0.8292 0.4030 0.3085 0.4043 0.6770 0.3750 0.9422 0.6647 0.8513 0.1960 0.3405
2 2
0.3333
0.0000 0.0000
46 46
14.1492
0.8394 0.8295 0.4185 0.3303 0.4340 0.7508 0.8409 0.9752 0.7277 0.4820 0.4555 0.6075 0.0033 0.8555 0.1826 0.2643 0.9491 0.6430 0.9543 0.1011 0.5389 0.8511 0.1191 0.9306 0.4509 0.6984 0.7961 0.7259 0.2026 0.6070 0.4806 0.4525 0.5614 0.6913 0.4981 0.9978 0.1438 0.3730 0.3199 0.9510 0.6005 0.3735 0.6456 0.2242 0.4741 0.5009
46 46
20.3269
0.5640 0.3315 0.0928 0.5400 0.4613 0.2753 0.1523 0.3136 0.0707 0.2791 0.0929 0.4218 0.3825 0.1469 0.8359 0.3336 0.8337 0.8787 0.6218 0.9598 0.4887 0.1888 0.1530 0.6399 0.7317 0.2910 0.8068 0.1555 0.9499 0.8574 0.4809 0.9312 0.0516 0.8085 0.4577 0.5837 0.2302 0.1328 0.5378 0.5823 0.6225 0.1366 0.7375 0.8409 0.2933 0.7023
50 50
0.0049
0.9999 0.9999 0.9999 0.9999 0.9999 0.9999 0.9999 0.9999 0.9999 0.9999 0.9999 0.9999 0.9999 0.9999 0.9999 0.9999 0.9999 0.9999 0.9999 0.9999 0.9999 0.9999 0.9999 0.9999 0.9999 0.9999 0.9999 0.9999 0.9999 0.9999 0.9999 0.9999 0.9999 0.9999 0.9999 0.9999 0.9999 0.9999 0.9999 0.9999 0.9999 0.9999 0.9999 0.9999 0.9999 0.9999 0.9999 0.9999 0.9999 0.9999
47 47
18.6721
0.5688 0.1788 0.7671 0.3620 0.4365 0.7013 0.1041 0.4419 0.2169 0.3704 0.3652 0.1917 0.9248 0.2370 0.9498 0.2138 0.8648 0.8518 0.4314 0.6398 0.2927 0.0131 0.3551 0.1095 0.4751 0.3312 0.1143 0.1514 0.0936 0.2592 0.0917 0.0399 0.8535 0.9196 0.5167 0.5999 0.5826 0.6577 0.3927 0.7797 0.7010 0.2320 0.0308 0.2849 0.3679 0.0280 0.2187
50 50
1.0000
0.0000 0.0000 0.0000 0.0000 0.0000 0.0000 0.0000 0.0000 0.0000 0.0000 0.0000 0.0000 0.0000 0.0000 0.0000 0.0000 0.0000 0.0000 0.0000 0.0000 0.0000 0.0000 0.0000 0.0000 0.0000 0.0000 0.0000 0.0000 0.0000 0.0000 0.0000 0.0000 0.0000 0.0000 0.0000 0.0000 0.0000 0.0000 0.0000 0.0000 0.0000 0.0000 0.0000 0.0000 0.0000 0.0000 0.0000 0.0000 0.0000 0.0000
1 1
0.0000
1.0000
46 46
17.0498
0.7603 0.4765 0.9619 0.1063 0.6633 0.1912 0.4888 0.3977 0.5196 0.7462 0.9856 0.2799 0.6312 0.5104 0.8719 0.2622 0.7643 0.3961 0.2791 0.1463 0.4855 0.1445 0.6406 0.2039 0.7742 0.7376 0.4783 0.8899 0.2339 0.7579 0.7560 0.5244 0.5272 0.8672 0.3663 0.1210 0.5698 0.2465 0.2067 0.2680 0.1124 0.9335 0.3784 0.5122 0.4999 0.3041
47 47
18.4720
0.5915 0.7237 0.7473 0.5347 0.7482 0.8778 0.9872 0.3899 0.9232 0.0822 0.7984 0.8241 0.7249 0.4009 0.8492 0.7212 0.6116 0.2623 0.4242 0.4009 0.1285 0.0258 0.4809 0.2623 0.5856 0.9459 0.6602 0.3884 0.5476 0.6014 0.7485 0.6896 0.5223 0.9382 0.5910 0.6295 0.5175 0.9928 0.6637 0.1380 0.9528 0.9059 0.8387 0.3174 0.0889 0.8933 0.4685
50 50
50.0000
0.0000 0.0000 0.0000 0.0000 0.0000 0.0000 0.0000 0.0000 0.0000 0.0000 0.0000 0.0000 0.0000 0.0000 0.0000 0.0000 0.0000 0.0000 0.0000 0.0000 0.0000 0.0000 0.0000 0.0000 0.0000 0.0000 0.0000 0.0000 0.0000 0.0000 0.0000 0.0000 0.0000 0.0000 0.0000 0.0000 0.0000 0.0000 0.0000 0.0000 0.0000 0.0000 0.0000 0.0000 0.0000 0.0000 0.0000 0.0000 0.0000 0.0000
49 49
15.9930
0.6244 0.2928 0.4207 0.2336 0.0452 0.4790 0.2604 0.5778 0.5543 0.8941 0.0365 0.9831 0.4588 0.9812 0.8547 0.7687 0.6911 0.5715 0.2035 0.4171 0.9113 0.7260 0.8029 0.2238 0.9303 0.2581 0.7990 0.9262 0.3176 0.8350 0.8249 0.0964 0.3780 0.0190 0.6147 0.6713 0.9635 0.6702 0.1192 0.5448 0.9188 0.7885 0.3193 0.9154 0.6945 0.6508 0.6819 0.4254 0.2967
50 50
19.9909
0.8368 0.4651 0.3140 0.1985 0.9732 0.0213 0.3986 0.8743 0.2723 0.5474 0.6509 0.7278 0.5808 0.1079 0.6244 0.3077 0.8205 0.8033 0.1553 0.9871 0.9096 0.2981 0.3312 0.5943 0.1691 0.4217 0.9287 0.2238 0.1943 0.1846 0.2758 0.4746 0.3791 0.4219 0.2255 0.3207 0.0142 0.4314 0.9002 0.8080 0.0158 0.1986 0.4438 0.9179 0.2493 0.4716 0.2171 0.2963 0.6064 0.1102
45 45
19.4572
0.2952 0.3083 0.3210 0.3010 0.2163 0.8213 0.2958 0.8849 0.3172 0.3291 0.8816 0.2725 0.9098 0.3062 0.0703 0.3066 0.6102 0.6122 0.5447 0.1519 0.2870 0.9774 0.9610 0.2890 0.0353 0.3517 0.8425 0.7888 0.3563 0.2373 0.0657 0.1241 0.8591 0.0089 0.6522 0.0320 0.4581 0.3762 0.3835 0.8569 0.5352 0.5062 0.0442 0.1300 0.4420
50 50
20.4521
0.9860 0.1633 0.1472 0.3295 0.0866 0.2107 0.2419 0.6206 0.0728 0.9646 0.1626 0.7495 0.2810 0.7023 0.6501 0.5481 0.2479 0.4814 0.1771 0.4806 0.3333 0.8197 0.0247 0.9708 0.2269 0.2032 0.3819 0.8298 0.0485 0.2037 0.4201 0.1687 0.8146 0.7253 0.4039 0.0163 0.8106 0.9442 0.0350 0.0157 0.9106 0.9559 0.8216 0.2756 0.0204 0.6048 0.7786 0.9198 0.5511 0.5888
47 47
18.8722
0.5526 0.5452 0.5025 0.3415 0.7689 0.2215 0.9482 0.6882 0.4906 0.4861 0.6249 0.9812 0.0950 0.1641 0.5418 0.4067 0.6947 0.1852 0.0558 0.1275 0.4251 0.8670 0.0734 0.4135 0.7312 0.1803 0.7534 0.7620 0.0215 0.0378 0.7447 0.4163 0.6949 0.4214 0.2198 0.7097 0.4157 0.8664 0.0511 0.2367 0.6942 0.9607 0.9593 0.0411 0.6203 0.1918 0.0629
4 4
0.0001
0.0000 0.0000 0.0000 0.0000
1 1
0.3333
0.0000
45 45
18.3779
0.1893 0.6494 0.3382 0.5468 0.4473 0.5001 0.4366 0.0370 0.9599 0.6010 0.5344 0.4102 0.4454 0.7110 0.7460 0.9920 0.5959 0.1765 0.2166 0.3756 0.3880 0.0201 0.5333 0.9644 0.8411 0.7420 0.5429 0.8469 0.5470 0.9144 0.6846 0.3597 0.7761 0.6948 0.2475 0.3353 0.5036 0.5442 0.0023 0.5929 0.3871 0.2560 0.8439 0.4593 0.2534
49 49
22.1408
0.0679 0.4975 0.3243 0.8587 0.4916 0.9004 0.8649 0.3402 0.0655 0.5791 0.8226 0.5810 0.1255 0.6182 0.6744 0.8477 0.8516 0.1334 0.4035 0.1729 0.7236 0.9915 0.0716 0.4494 0.5455 0.2649 0.5800 0.7586 0.8017 0.9338 0.2155 0.9684 0.6223 0.1260 0.0493 0.5121 0.5361 0.5638 0.9466 0.5932 0.6293 0.3782 0.4511 0.8579 0.6008 0.9962 0.2543 0.0524 0.4173
50 50
20.0460
0.7010 0.3786 0.7414 0.1028 0.2209 0.2930 0.6702 0.1726 0.6471 0.1349 0.5965 0.5755 0.7388 0.7545 0.3525 0.2101 0.1579 0.5265 0.8032 0.8181 0.4529 0.8605 0.1840 0.3780 0.6670 0.2009 0.9537 0.2438 0.3301 0.5437 0.0463 0.4355 0.4795 0.2999 0.9330 0.6591 0.2895 0.1234 0.8645 0.3056 0.0643 0.6087 0.0690 0.4057 0.9647 0.5725 0.3322 0.9473 0.5475 0.5763
48 48
25.8060
0.7915 0.0593 0.6826 0.2904 0.4134 0.5053 0.3447 0.5543 0.9681 0.4092 0.0927 0.5597 0.2288 0.8428 0.9343 0.9412 0.0856 0.1311 0.0243 0.5765 0.3871 0.1801 0.2642 0.2062 0.2590 0.1801 0.8602 0.4229 0.7803 0.5286 0.0136 0.9282 0.7031 0.1178 0.0068 0.4961 0.5733 0.3964 0.2973 0.3089 0.3689 0.0040 0.3807 0.5377 0.2733 0.7002 0.0373 0.7233
48 48
24.5491
0.6696 0.4253 0.5946 0.2641 0.8014 0.0895 0.9561 0.7507 0.0214 0.3954 0.3088 0.3772 0.1493 0.4588 0.7041 0.4892 0.7424 0.5626 0.3452 0.3982 0.2719 0.9005 0.2661 0.1824 0.1870 0.0923 0.9848 0.5373 0.4476 0.1459 0.6928 0.6706 0.5624 0.1253 0.0812 0.9373 0.1041 0.2667 0.8850 0.1495 0.4629 0.5341 0.6470 0.8472 0.8355 0.0804 0.0344 0.8863
50 50
0.6901
0.6196 0.5160 0.7742 0.8265 0.8733 0.9438 0.3337 0.6986 0.3483 0.9926 0.2791 0.7287 0.8928 0.5154 0.9318 0.3303 0.1761 0.0932 0.1842 0.0770 0.8871 0.3512 0.2187 0.3158 0.6759 0.1546 0.2108 0.1224 0.5109 0.6598 0.0863 0.0539 0.9641 0.0507 0.1090 0.2665 0.7951 0.8091 0.2215 0.8764 0.0857 0.6915 0.7744 0.2443 0.5983 0.7205 0.3724 0.7255 0.7417 0.2683
47 47
20.5265
0.0391 0.2003 0.9379 0.2964 0.9430 0.2581 0.4198 0.3407 0.4571 0.9960 0.6829 0.7381 0.7362 0.9812 0.8890 0.6074 0.6454 0.5009 0.2747 0.5926 0.7664 0.0291 0.0244 0.2707 0.8461 0.4421 0.1579 0.5614 0.6516 0.7955 0.6305 0.6465 0.0995 0.9812 0.8357 0.2450 0.8881 0.7486 0.3043 0.9542 0.3052 0.2028 0.2770 0.9772 0.5550 0.0047 0.2842
50 50
16.6711
0.7486 0.3995 0.8877 0.2584 0.3226 0.5395 0.8789 0.3326 0.0489 0.8746 0.7431 0.2166 0.3778 0.3160 0.7356 0.7809 0.1662 0.3765 0.7257 0.2261 0.0646 0.3565 0.7891 0.9388 0.1962 0.1924 0.7718 0.7976 0.1302 0.1850 0.9619 0.6102 0.5099 0.5501 0.1865 0.2244 0.7612 0.6400 0.2187 0.8098 0.6965 0.6700 0.0099 0.3767 0.8172 0.8365 0.2874 0.4211 0.5027 0.9018
45 45
19.8991
0.5133 0.8786 0.0261 0.6308 0.4115 0.7779 0.0661 0.2733 0.9049 0.2894 0.3891 0.0228 0.3125 0.5153 0.3081 0.1106 0.7151 0.3394 0.5023 0.5682 0.7091 0.2998 0.5113 0.7131 0.5342 0.3120 0.6773 0.4495 0.2396 0.8385 0.2385 0.7991 0.4953 0.9103 0.7518 0.6338 0.2484 0.8003 0.1278 0.5901 0.8079 0.6502 0.1936 0.5905 0.1947
46 46
22.3626
0.7509 0.5469 0.9990 0.0970 0.2609 0.8957 0.2372 0.1541 0.9266 0.1701 0.5699 0.7397 0.2147 0.2013 0.8685 0.1569 0.1410 0.0210 0.2304 0.3750 0.2135 0.3738 0.8324 0.5229 0.7881 0.1236 0.1219 0.0261 0.0550 0.5960 0.8747 0.3614 0.9367 0.6835 0.7325 0.8670 0.6791 0.5749 0.3898 0.9276 0.1096 0.4073 0.4975 0.6740 0.9660 0.6104
48 48
22.0354
0.2251 0.0855 0.2244 0.2141 0.8787 0.2065 0.2846 0.4350 0.4326 0.3320 0.9307 0.9941 0.8216 0.6911 0.9990 0.0892 0.2177 0.4584 0.3540 0.8497 0.1115 0.9433 0.5991 0.7611 0.0284 0.3283 0.6944 0.5474 0.5179 0.2397 0.2577 0.6753 0.2963 0.5604 0.2408 0.1890 0.4190 0.6103 0.3600 0.1723 0.8479 0.9440 0.0226 0.0653 0.3747 0.0262 0.3469 0.0033
48 48
15.5177
0.4025 0.9158 0.0779 0.3557 0.1873 0.3764 0.8093 0.1194 0.4939 0.3421 0.3319 0.6008 0.6641 0.5802 0.9704 0.7903 0.3835 0.6549 0.5354 0.6685 0.2162 0.8988 0.2302 0.3192 0.9814 0.2919 0.7445 0.8454 0.2476 0.7648 0.9773 0.8936 0.9380 0.4970 0.8279 0.8966 0.7640 0.8755 0.1547 0.2872 0.4250 0.2920 0.2954 0.8576 0.4968 0.4253 0.0688 0.2483
47 47
22.8056
0.8783 0.9785 0.9095 0.6758 0.8670 0.9661 0.4983 0.4038 0.7978 0.8880 0.6156 0.7986 0.8918 0.4962 0.3701 0.1435 0.7119 0.6786 0.8912 0.3914 0.3514 0.0813 0.1686 0.2083 0.0230 0.7116 0.0597 0.4677 0.0927 0.3209 0.5192 0.3844 0.7765 0.7083 0.6776 0.9239 0.3736 0.0089 0.4677 0.2405 0.2808 0.2671 0.1167 0.4072 0.5522 0.5619 0.0818
1 1
0.5000
0.5000
47 47
16.5710
0.2402 0.1150 0.4308 0.7734 0.8938 0.0829 0.0002 0.8470 0.0752 0.9522 0.6847 0.9326 0.2140 0.2470 0.7624 0.2356 0.6295 0.8700 0.4187 0.6555 0.3893 0.1941 0.2841 0.0242 0.2451 0.9605 0.6812 0.5359 0.8743 0.5616 0.6502 0.3870 0.6771 0.2283 0.8242 0.8428 0.5445 0.1679 0.9830 0.4010 0.0671 0.7337 0.7229 0.4512 0.7454 0.0844 0.8453
47 47
16.9209
0.0387 0.8118 0.6111 0.4023 0.5926 0.2188 0.0764 0.3822 0.8460 0.9686 0.5222 0.3657 0.6942 0.6651 0.2807 0.0342 0.1483 0.7583 0.0122 0.9956 0.1936 0.5401 0.7685 0.6093 0.0950 0.3173 0.8321 0.7314 0.1798 0.9161 0.4750 0.7778 0.5367 0.7066 0.4379 0.2284 0.7316 0.5695 0.6850 0.2219 0.5434 0.3256 0.5607 0.9068 0.6781 0.4050 0.6891
49 49
17.0766
0.4591 0.3788 0.8655 0.5022 0.7189 0.1040 0.6544 0.6981 0.6058 0.1293 0.2868 0.8222 0.7964 0.7607 0.1854 0.0168 0.7082 0.2727 0.0876 0.3306 0.9478 0.6992 0.7857 0.6446 0.5321 0.6363 0.0413 0.8036 0.2958 0.4125 0.9728 0.5086 0.5349 0.4706 0.1269 0.1555 0.0201 0.9284 0.9147 0.4488 0.9677 0.5081 0.9018 0.2402 0.1138 0.6235 0.0709 0.6276 0.3437
47 47
14.8551
0.9476 0.6406 0.7617 0.4011 0.8945 0.7985 0.2344 0.9130 0.3270 0.5869 0.0352 0.8736 0.4255 0.5479 0.4875 0.8053 0.6287 0.7598 0.4209 0.1531 0.7262 0.2119 0.9109 0.6243 0.3887 0.7074 0.4077 0.0709 0.1422 0.7154 0.6749 0.7245 0.5880 0.0614 0.8126 0.1367 0.4166 0.7202 0.5465 0.9957 0.1637 0.9815 0.1531 0.9001 0.8736 0.7867 0.0171
49 49
17.6544
0.4152 0.2274 0.3527 0.0129 0.7103 0.9220 0.8585 0.2467 0.1717 0.9658 0.5438 0.1615 0.0729 0.3979 0.5836 0.0220 0.0410 0.7430 0.6373 0.7118 0.7961 0.7624 0.8548 0.7032 0.5891 0.2639 0.2322 0.0082 0.7372 0.2688 0.2101 0.8089 0.5390 0.0380 0.4828 0.2087 0.7865 0.2841 0.6775 0.6474 0.0258 0.5329 0.9090 0.7134 0.5902 0.9401 0.6285 0.7046 0.2832
50 50
0.0000
0.0000 0.0000 0.0000 0.0000 0.0000 0.0000 0.0000 0.0000 0.0000 0.0000 0.0000 0.0000 0.0000 0.0000 0.0000 0.0000 0.0000 0.0000 0.0000 0.0000 0.0000 0.0000 0.0000 0.0000 0.0000 0.0000 0.0000 0.0000 0.0000 0.0000 0.0000 0.0000 0.0000 0.0000 0.0000 0.0000 0.0000 0.0000 0.0000 0.0000 0.0000 0.0000 0.0000 0.0000 0.0000 0.0000 0.0000 0.0000 0.0000 0.0000
4 4
1.3999
0.5000 0.7000 0.8000 0.6000
47 47
20.5024
0.9365 0.3827 0.3751 0.7038 0.1807 0.3296 0.7503 0.6023 0.5959 0.7501 0.3105 0.6875 0.2154 0.4858 0.1465 0.4539 0.7393 0.4818 0.3781 0.2317 0.7935 0.9392 0.2737 0.7461 0.0351 0.1490 0.7242 0.6327 0.3296 0.0809 0.7545 0.0212 0.8968 0.0921 0.1943 0.0113 0.1022 0.3552 0.9276 0.8578 0.4409 0.2430 0.7400 0.8055 0.7614 0.0821 0.3239
46 46
19.0406
0.0736 0.1753 0.0918 0.5831 0.9814 0.3740 0.3318 0.4825 0.0332 0.0229 0.5052 0.2713 0.0120 0.0856 0.2092 0.6847 0.2834 0.5573 0.3237 0.3039 0.7453 0.8310 0.8908 0.5623 0.4739 0.3606 0.9999 0.9732 0.3037 0.9313 0.0811 0.1220 0.3958 0.6261 0.2796 0.3419 0.2316 0.1982 0.9235 0.9546 0.2707 0.2031 0.9664 0.5119 0.6899 0.4014
