100
4 4
1.4000
0.5000 0.7000 0.8000 0.6000
2 2
1.0000
0.0000 0.0000
2 2
0.0000
0.9000 0.8000
2 2
0.1000
0.4000 0.5000
49 49
20.7592
0.2531 0.6091 0.5477 0.7377 0.9938 0.6689 0.7844 0.0082 0.8061 0.8478 0.9919 0.2860 0.2762 0.2700 0.1062 0.5859 0.1877 0.9139 0.3533 0.4308 0.8055 0.2152 0.0432 0.8641 0.4010 0.7495 0.7471 0.9278 0.3650 0.6737 0.0730 0.2421 0.7057 0.6744 0.2722 0.0353 0.0897 0.5524 0.6007 0.0910 0.6507 0.4030 0.0325 0.2948 0.6975 0.6534 0.3278 0.6536 0.8100
47 47
21.3224
0.7384 0.3688 0.4983 0.9685 0.6438 0.5722 0.1397 0.7028 0.2268 0.7791 0.7811 0.0842 0.3745 0.5701 0.0298 0.5904 0.3672 0.9841 0.8379 0.3778 0.2223 0.9683 0.8556 0.3039 0.0805 0.0334 0.1304 0.0161 0.9580 0.4656 0.4222 0.0632 0.1728 0.3297 0.8472 0.8439 0.2980 0.6259 0.9098 0.2699 0.8003 0.2057 0.2561 0.4103 0.5697 0.1789 0.7816
48 48
15.6954
0.2802 0.6226 0.6153 0.0154 0.7305 0.8040 0.8172 0.2490 0.9927 0.7011 0.1513 0.5365 0.4865 0.8676 0.6471 0.9045 0.9983 0.6405 0.3907 0.5874 0.9833 0.3466 0.5445 0.2407 0.9384 0.1645 0.2232 0.2713 0.4257 0.1475 0.5400 0.6743 0.7460 0.0444 0.3222 0.3864 0.2836 0.4666 0.6577 0.5936 0.5682 0.5361 0.8839 0.2658 0.9826 0.2305 0.0816 0.2058
48 48
18.4005
0.4324 0.9572 0.9551 0.9421 0.0362 0.3391 0.5202 0.7047 0.6597 0.4043 0.0388 0.0820 0.1192 0.9755 0.9361 0.5525 0.2353 0.1657 0.5631 0.8487 0.9602 0.9188 0.0006 0.1386 0.2071 0.8077 0.0839 0.9589 0.7519 0.9552 0.2320 0.0931 0.2032 0.2653 0.8676 0.9306 0.4708 0.8934 0.4309 0.5321 0.4718 0.8140 0.9568 0.2002 0.5337 0.2444 0.8741 0.6190
47 47
16.9452
0.1376 0.8931 0.2632 0.7332 0.6937 0.4809 0.4989 0.5829 0.5684 0.9392 0.7105 0.0861 0.8747 0.9246 0.4697 0.5797 0.6840 0.8129 0.8551 0.6236 0.9942 0.3385 0.0196 0.9807 0.5274 0.3238 0.3985 0.5215 0.8610 0.8186 0.3515 0.1843 0.1734 0.1315 0.9531 0.2627 0.3739 0.2143 0.0130 0.3084 0.9544 0.9667 0.3403 0.9688 0.6986 0.3891 0.2658
50 50
33.3350
0.3333 0.3333 0.3333 0.3333 0.3333 0.3333 0.3333 0.3333 0.3333 0.3333 0.3333 0.3333 0.3333 0.3333 0.3333 0.3333 0.3333 0.3333 0.3333 0.3333 0.3333 0.3333 0.3333 0.3333 0.3333 0.3333 0.3333 0.3333 0.3333 0.3333 0.3333 0.3333 0.3333 0.3333 0.3333 0.3333 0.3333 0.3333 0.3333 0.3333 0.3333 0.3333 0.3333 0.3333 0.3333 0.3333 0.3333 0.3333 0.3333 0.3333
48 48
16.2203
0.7356 0.2385 0.9601 0.9429 0.1027 0.1070 0.7597 0.1994 0.8651 0.3305 0.9198 0.9818 0.3379 0.5478 0.1167 0.2394 0.2506 0.7746 0.1363 0.9661 0.2890 0.2270 0.1777 0.6048 0.8801 0.9563 0.1615 0.0934 0.3497 0.0764 0.2401 0.9828 0.7721 0.2733 0.5661 0.1077 0.3480 0.0751 0.8663 0.9219 0.9391 0.8426 0.3462 0.4400 0.4777 0.6156 0.1331 0.8490
50 50
18.0668
0.4658 0.6806 0.9318 0.7570 0.8685 0.9758 0.8454 0.6124 0.0897 0.2957 0.0907 0.7238 0.9973 0.0329 0.8503 0.8020 0.2111 0.8252 0.2323 0.1656 0.7622 0.6527 0.1343 0.2847 0.2264 0.4909 0.2277 0.8012 0.1213 0.7275 0.1375 0.7920 0.3750 0.2978 0.9093 0.2760 0.4416 0.0152 0.5923 0.4980 0.8792 0.2295 0.1439 0.4674 0.0671 0.8285 0.4390 0.4014 0.1987 0.5494
48 48
15.5295
0.9246 0.2741 0.3867 0.8548 0.0400 0.4389 0.1747 0.3554 0.1549 0.1817 0.9413 0.7761 0.1900 0.8097 0.3229 0.0772 0.3699 0.9901 0.6990 0.5454 0.0909 0.9629 0.7161 0.9035 0.7729 0.8433 0.5131 0.9757 0.7470 0.3645 0.3329 0.7622 0.9066 0.3362 0.7221 0.7555 0.9657 0.4299 0.5173 0.4048 0.8210 0.1944 0.1239 0.4301 0.6783 0.2084 0.2482 0.8777
46 46
17.7796
0.1498 0.8247 0.2386 0.1358 0.7173 0.9912 0.7567 0.1503 0.1273 0.9442 0.5266 0.8188 0.4020 0.9926 0.6631 0.5892 0.6224 0.8441 0.0085 0.0769 0.0174 0.8762 0.9631 0.5108 0.9475 0.3946 0.2479 0.7214 0.5272 0.1374 0.7305 0.9706 0.5881 0.2900 0.3768 1.0000 0.3061 0.3309 0.7661 0.5314 0.7021 0.8896 0.8077 0.3046 0.2493 0.5759
45 45
18.7092
0.2199 0.4907 0.9079 0.6678 0.8847 0.3893 0.4891 0.0381 0.4637 0.1731 0.5976 0.8613 0.3567 0.5265 0.6748 0.8066 0.0773 0.2387 0.9767 0.3005 0.1067 0.8391 0.6839 0.9554 0.0399 0.8778 0.2597 0.9358 0.6214 0.5528 0.3124 0.8840 0.2216 0.0561 0.7359 0.5685 0.2249 0.5677 0.3844 0.3743 0.3423 0.9862 0.9892 0.5146 0.0756
48 48
19.0397
0.9907 0.1408 0.6154 0.9748 0.1901 0.4739 0.7011 0.5608 0.9778 0.1353 0.2048 0.0015 0.9696 0.0020 0.1682 0.2900 0.6620 0.0056 0.6347 0.3347 0.3999 0.8151 0.0550 0.3633 0.6823 0.5695 0.4816 0.2367 0.8126 0.9694 0.5189 0.9059 0.4845 0.6261 0.5058 0.6443 0.3794 0.0452 0.4393 0.1438 0.6441 0.1447 0.4089 0.8043 0.9443 0.6777 0.3886 0.9694
46 46
19.7663
0.9863 0.6119 0.4918 0.1316 0.8423 0.3155 0.8663 0.9378 0.2146 0.4277 0.9956 0.9877 0.1109 0.5223 0.6277 0.7981 0.1732 0.2098 0.4189 0.5876 0.3529 0.2025 0.2257 0.3454 0.0099 0.9492 0.1374 0.0880 0.3313 0.4258 0.0482 0.2317 0.2783 0.0756 0.5732 0.1473 0.5982 0.2458 0.8617 0.9377 0.5987 0.1789 0.7676 0.4084 0.8383 0.2058
46 46
19.6919
0.3392 0.5305 0.9666 0.0022 0.1833 0.8818 0.2499 0.1599 0.5059 0.8334 0.4590 0.2164 0.1285 0.7390 0.6554 0.5513 0.1372 0.2778 0.5101 0.3389 0.4992 0.4447 0.5943 0.8491 0.8981 0.3650 0.1398 0.4493 0.9518 0.3849 0.2849 0.9755 0.8412 0.7035 0.7402 0.9392 0.3487 0.7873 0.1042 0.6658 0.4561 0.7229 0.1253 0.5484 0.6920 0.8577
47 47
2.2784
0.4495 0.8489 0.5519 0.1637 0.8419 0.7511 0.2346 0.6852 0.1028 0.4354 0.7958 0.8193 0.6641 0.8156 0.1259 0.9460 0.8840 0.3635 0.1305 0.9770 0.3364 0.3084 0.1539 0.6562 0.9963 0.4923 0.1005 0.0239 0.1664 0.9917 0.6506 0.7939 0.3204 0.6483 0.2816 0.7586 0.6587 0.3553 0.9056 0.1370 0.1277 0.5550 0.1427 0.1902 0.8278 0.9042 0.0708
48 48
14.9944
0.2237 0.6528 0.1810 0.7457 0.5468 0.2784 0.9866 0.9486 0.1916 0.3486 0.1550 0.9245 0.2836 0.6107 0.2300 0.5783 0.6977 0.8692 0.5691 0.6519 0.9862 0.5260 0.7540 0.6226 0.6095 0.9835 0.7623 0.6231 0.4488 0.8505 0.3776 0.3766 0.6401 0.4411 0.8631 0.3349 0.1785 0.4814 0.7781 0.6024 0.7293 0.1455 0.9896 0.7838 0.1556 0.8628 0.7646 0.1136
45 45
13.4282
0.4085 0.9976 0.3139 0.0338 0.5584 0.6832 0.8775 0.9029 0.8265 0.7720 0.5303 0.6532 0.4695 0.6256 0.1561 0.8796 0.8148 0.5573 0.5340 0.1541 0.8412 0.2213 0.6134 0.3142 0.4803 0.7476 0.8297 0.1556 0.7835 0.1370 0.5956 0.8198 0.8128 0.0141 0.2132 0.4936 0.7176 0.3027 0.1485 0.4397 0.6645 0.8272 0.9782 0.7423 0.6101
50 50
1.0000
0.3333 0.3333 0.3333 0.3333 0.3333 0.3333 0.3333 0.3333 0.3333 0.3333 0.3333 0.3333 0.3333 0.3333 0.3333 0.3333 0.3333 0.3333 0.3333 0.3333 0.3333 0.3333 0.3333 0.3333 0.3333 0.3333 0.3333 0.3333 0.3333 0.3333 0.3333 0.3333 0.3333 0.3333 0.3333 0.3333 0.3333 0.3333 0.3333 0.3333 0.3333 0.3333 0.3333 0.3333 0.3333 0.3333 0.3333 0.3333 0.3333 0.3333
48 48
19.2189
0.8679 0.5241 0.6552 0.5207 0.9811 0.2200 0.2851 0.1875 0.5973 0.8271 0.3693 0.7219 0.1271 0.2106 0.1553 0.4523 0.4585 0.4673 0.7703 0.3920 0.0994 0.7708 0.2766 0.0378 0.0270 0.1590 0.1083 0.0397 0.1162 0.4903 0.0762 0.0893 0.1566 0.6117 0.7526 0.3263 0.3392 0.8046 0.1042 0.2789 0.6785 0.7479 0.2477 0.7973 0.9484 0.5799 0.5869 0.2931
46 46
20.2489
0.0682 0.7455 0.5714 0.2272 0.3095 0.1267 0.4074 0.1935 0.6253 0.6451 0.8444 0.1135 0.7422 0.7452 0.4528 0.9783 0.5951 0.0698 0.4395 0.4441 0.9184 0.9482 0.6345 0.0739 0.4969 0.6064 0.2186 0.4122 0.6148 0.3993 0.1886 0.2110 0.4101 0.1374 0.3409 0.4805 0.5081 0.5077 0.1892 0.8084 0.2444 0.5437 0.3528 0.2058 0.9902 0.9641
50 50
22.4327
0.0210 0.6792 0.4664 0.8350 0.1850 0.3166 0.2311 0.2589 0.7855 0.1599 0.1049 0.0022 0.4807 0.6212 0.2486 0.7097 0.2335 0.9001 0.1745 0.2948 0.1346 0.6180 0.4530 0.7604 0.1222 0.7586 0.2345 0.0507 0.8802 0.3297 0.6005 0.4760 0.8429 0.4767 0.5467 0.5495 0.3900 0.1249 0.3742 0.7978 0.3524 0.4707 0.6128 0.4650 0.1488 0.8764 0.1502 0.6633 0.5313 0.0166
46 46
15.8028
0.0576 0.2351 0.8631 0.3805 0.5511 0.5930 0.4162 0.0074 0.0138 0.6645 0.7804 0.7076 0.7069 0.0078 0.8569 0.2919 0.5889 0.5864 0.3490 0.3167 0.8307 0.5716 0.6319 0.4954 0.8498 0.3255 0.4798 0.8766 0.3434 0.2556 0.7593 0.1598 0.3951 0.9134 0.1186 0.3949 0.7878 0.4020 0.9753 0.6271 0.8747 0.7434 0.7315 0.9184 0.8632 0.9365
45 45
16.4660
0.3247 0.6075 0.7431 0.8526 0.6522 0.1532 0.7159 0.1677 0.3141 0.6564 0.8317 0.6823 0.6551 0.1840 0.5662 0.2385 0.5289 0.5700 0.4510 0.3603 0.2864 0.4722 0.5634 0.1450 0.5046 0.8296 0.5350 0.9509 0.6042 0.2351 0.8420 0.9229 0.9817 0.7040 0.2345 0.1080 0.1212 0.5394 0.6060 0.1139 0.2952 0.4784 0.9122 0.3543 0.3274
50 50
15.5900
0.8263 0.9961 0.2669 0.7850 0.9658 0.7143 0.2899 0.7243 0.2244 0.7265 0.5730 0.2071 0.3357 0.5234 0.7538 0.0973 0.8238 0.3668 0.0640 0.8208 0.7652 0.9792 0.2513 0.8786 0.3011 0.5199 0.9370 0.9803 0.4041 0.9591 0.4672 0.1381 0.3524 0.7526 0.8535 0.1796 0.6273 0.9980 0.9524 0.1126 0.8077 0.5374 0.6641 0.8260 0.9115 0.9500 0.9398 0.5414 0.9225 0.2081
1 1
0.5000
0.5000
49 49
21.7354
0.3505 0.4215 0.1881 0.7320 0.0850 0.2149 0.3186 0.4384 0.5835 0.0623 0.0665 0.9951 0.9145 0.7855 0.3500 0.3486 0.0650 0.1001 0.0135 0.1593 0.5697 0.5756 0.3131 0.1825 0.4816 0.7836 0.8047 0.0913 0.2231 0.5216 0.3030 0.7723 0.6505 0.6966 0.2449 0.0623 0.7997 0.5386 0.5588 0.2944 0.5574 0.7585 0.6640 0.8695 0.5229 0.6962 0.5492 0.2402 0.2667
50 50
1.0000
0.0000 0.0000 0.0000 0.0000 0.0000 0.0000 0.0000 0.0000 0.0000 0.0000 0.0000 0.0000 0.0000 0.0000 0.0000 0.0000 0.0000 0.0000 0.0000 0.0000 0.0000 0.0000 0.0000 0.0000 0.0000 0.0000 0.0000 0.0000 0.0000 0.0000 0.0000 0.0000 0.0000 0.0000 0.0000 0.0000 0.0000 0.0000 0.0000 0.0000 0.0000 0.0000 0.0000 0.0000 0.0000 0.0000 0.0000 0.0000 0.0000 0.0000
49 49
19.6939
0.9760 0.6529 0.8625 0.5566 0.1347 0.7245 0.3987 0.4772 0.5979 0.2602 0.2179 0.9001 0.0918 0.2224 0.6217 0.8261 0.4978 0.1168 0.9637 0.7181 0.4330 0.9356 0.4958 0.9101 0.3811 0.2265 0.2688 0.5093 0.4797 0.7440 0.9558 0.7755 0.2524 0.6581 0.7458 0.9283 0.7798 0.8622 0.7699 0.1043 0.6111 0.8745 0.1020 0.6723 0.1757 0.7321 0.2528 0.1282 0.1218
48 48
18.9813
0.3624 0.9369 0.1023 0.7249 0.5297 0.7101 0.9226 0.4263 0.3474 0.1184 0.9521 0.4305 0.0724 0.0693 0.0631 0.3693 0.7593 0.1783 0.3320 0.3614 0.5467 0.8591 0.5921 0.5920 0.7519 0.6997 0.5542 0.5551 0.0930 0.2974 0.7756 0.1204 0.7086 0.0681 0.8264 0.1171 0.4139 0.5906 0.0954 0.1299 0.9606 0.4746 0.4371 0.4444 0.4748 0.6208 0.5380 0.7220
1 1
0.0000
1.0000
49 49
18.8635
0.5477 0.5600 0.5041 0.4408 0.3524 0.5970 0.3810 0.6268 0.8084 0.0697 0.9203 0.7602 0.7885 0.2854 0.2386 0.7169 0.3012 0.3625 0.9080 0.7639 0.1465 0.9005 0.6301 0.2408 0.8830 0.2682 0.6554 0.3822 0.2585 0.4770 0.6795 0.2343 0.4068 0.1757 0.3701 0.3215 0.9483 0.8878 0.9520 0.7175 0.8149 0.4911 0.3969 0.5987 0.3156 0.3288 0.2698 0.8167 0.8316
50 50
0.0000
1.0000 1.0000 1.0000 1.0000 1.0000 1.0000 1.0000 1.0000 1.0000 1.0000 1.0000 1.0000 1.0000 1.0000 1.0000 1.0000 1.0000 1.0000 1.0000 1.0000 1.0000 1.0000 1.0000 1.0000 1.0000 1.0000 1.0000 1.0000 1.0000 1.0000 1.0000 1.0000 1.0000 1.0000 1.0000 1.0000 1.0000 1.0000 1.0000 1.0000 1.0000 1.0000 1.0000 1.0000 1.0000 1.0000 1.0000 1.0000 1.0000 1.0000
1 1
0.3333
0.0000
48 48
20.1438
0.0705 0.4114 0.7169 0.4016 0.3961 0.7173 0.4504 0.7866 0.2205 0.9464 0.3989 0.2906 0.0484 0.2941 0.0940 0.7891 0.8974 0.9661 0.7961 0.3072 0.0577 0.4421 0.0764 0.9264 0.8575 0.5678 0.7212 0.2836 0.1294 0.6285 0.3230 0.2517 0.6810 0.4225 0.7780 0.7281 0.8897 0.9973 0.7943 0.0402 0.1491 0.9906 0.5513 0.4989 0.1634 0.3411 0.1795 0.6233
48 48
17.5793
0.6444 0.0595 0.4492 0.4916 0.7176 0.4233 0.5536 0.7711 0.6319 0.6288 0.0851 0.5299 0.9408 0.9776 0.7341 0.3552 0.0887 0.4164 0.0963 0.7767 0.1788 0.2711 0.5659 0.1966 0.0290 0.3188 0.1858 0.0791 0.9390 0.6846 0.6401 0.0613 0.9666 0.5851 0.3565 0.6825 0.8407 0.7421 0.5190 0.1474 0.2034 0.2817 0.1318 0.7709 0.7382 0.8252 0.0041 0.5941
46 46
21.5468
0.1897 0.2508 0.7326 0.6622 0.1781 0.8540 0.9412 0.9878 0.6882 0.4198 0.6533 0.1637 0.5925 0.1145 0.7101 0.2676 0.5704 0.9516 0.3769 0.2684 0.3933 0.6272 0.2030 0.5229 0.4478 0.6803 0.1428 0.2503 0.8230 0.7195 0.4982 0.2746 0.6127 0.1957 0.6209 0.7516 0.8634 0.3249 0.9885 0.6920 0.3002 0.2851 0.2364 0.0921 0.7043 0.6996
45 45
19.3377
0.4355 0.7410 0.3874 0.5991 0.3651 0.7231 0.2613 0.2695 0.7148 0.6017 0.0026 0.6726 0.1960 0.2268 0.3322 0.9625 0.2803 0.6385 0.7564 0.6270 0.8420 0.8513 0.9996 0.1222 0.5592 0.6156 0.4871 0.6014 0.5569 0.8428 0.6290 0.4321 0.3797 0.1458 0.1879 0.1579 0.6169 0.5619 0.9606 0.4469 0.5648 0.5641 0.4510 0.4961 0.2634
2 2
0.3333
0.5000 0.5000
50 50
20.0294
0.0794 0.1326 0.9687 0.3018 0.8205 0.9317 0.1409 0.7007 0.6735 0.1639 0.3596 0.6150 0.2745 0.5402 0.1149 0.7532 0.2649 0.8994 0.0690 0.4774 0.9888 0.1461 0.5284 0.2637 0.3554 0.6436 0.8974 0.7050 0.7821 0.6011 0.7415 0.3305 0.9559 0.7131 0.1857 0.1635 0.9657 0.2075 0.6693 0.8616 0.2770 0.4767 0.9836 0.2879 0.5397 0.5763 0.8891 0.7866 0.0569 0.8566
49 49
20.6396
0.4056 0.6809 0.9646 0.1539 0.4578 0.7499 0.0006 0.1710 0.9065 0.4814 0.9340 0.1502 0.9345 0.4368 0.8377 0.6329 0.3328 0.9484 0.2083 0.1848 0.1714 0.8839 0.3242 0.6064 0.5342 0.7872 0.0778 0.5223 0.0997 0.1907 0.9437 0.2967 0.9921 0.8383 0.8145 0.7138 0.1491 0.2055 0.5355 0.4196 0.2711 0.8322 0.1054 0.1745 0.8067 0.9144 0.4623 0.0028 0.3507
47 47
18.4640
0.0095 0.1161 0.4592 0.4669 0.3216 0.5231 0.0654 0.7670 0.2741 0.8380 0.9875 0.3640 0.2486 0.7706 0.2882 0.0514 0.5817 0.7384 0.7560 0.9578 0.4870 0.2836 0.3328 0.9440 0.2315 0.5742 0.3998 0.9180 0.7219 0.5196 0.9244 0.2478 0.9868 0.8636 0.4996 0.4003 0.7638 0.2124 0.7742 0.6747 0.7896 0.1289 0.7300 0.2991 0.7265 0.8355 0.2894
46 46
13.3872
0.3697 0.5186 0.2144 0.9373 0.3924 0.7515 0.9974 0.1649 0.0707 0.5045 0.5399 0.2002 0.7572 0.6496 0.9089 0.8516 0.1562 0.4369 0.9426 0.6646 0.6813 0.9720 0.9950 0.0755 0.7016 0.8226 0.2067 0.5104 0.8798 0.1977 0.8316 0.7313 0.8854 0.8537 0.0231 0.7226 0.4587 0.2013 0.7541 0.9704 0.8241 0.6238 0.6729 0.2404 0.6927 0.4328
50 50
20.4508
0.3668 0.1405 0.5431 0.7605 0.1728 0.0861 0.8430 0.1371 0.7893 0.7999 0.8794 0.2620 0.1412 0.8641 0.7840 0.9257 0.3000 0.4787 0.8686 0.0269 0.6057 0.7795 0.7044 0.7002 0.4551 0.4714 0.8292 0.3860 0.9065 0.5741 0.8118 0.9408 0.8372 0.0807 0.2072 0.0824 0.2426 0.2153 0.2477 0.6533 0.4317 0.8255 0.6766 0.2687 0.9270 0.3444 0.8387 0.8999 0.3633 0.4993
1 1
1.0000
0.0000
50 50
20.9617
0.4069 0.6630 0.0504 0.3721 0.2849 0.8184 0.2984 0.5562 0.7640 0.4446 0.1210 0.8345 0.7200 0.1746 0.5728 0.3899 0.0139 0.8661 0.2996 0.4498 0.9456 0.7892 0.1201 0.0647 0.2619 0.2400 0.8387 0.8648 0.8481 0.5764 0.1701 0.3753 0.4194 0.8852 0.1362 0.0480 0.8618 0.0381 0.4287 0.4193 0.0828 0.8990 0.9429 0.8053 0.6189 0.0055 0.4358 0.1437 0.2059 0.4808
49 49
16.4909
0.4703 0.7731 0.8538 0.8608 0.4177 0.4702 0.7728 0.1345 0.1544 0.0590 0.3395 0.2426 0.1385 0.5279 0.2891 0.6007 0.7365 0.4586 0.9981 0.0191 0.7614 0.8909 0.0609 0.9407 0.2131 0.4576 0.5462 0.6180 0.5189 0.9924 0.5916 0.6398 0.8227 0.0814 0.4544 0.2275 0.6770 0.2471 0.8832 0.4020 0.1862 0.8851 0.4925 0.4088 0.9144 0.1521 0.3583 0.3706 0.4069
50 50
19.5134
0.5557 0.9908 0.8647 0.1956 0.3442 0.6273 0.3883 0.7316 0.9133 0.9303 0.2800 0.2081 0.1780 0.9368 0.8513 0.8219 0.4249 0.6639 0.2151 0.6741 0.8555 0.2047 0.7952 0.6466 0.3003 0.9324 0.2073 0.7833 0.9628 0.8489 0.9073 0.7681 0.3889 0.9307 0.0070 0.3824 0.9193 0.2022 0.5771 0.1937 0.2322 0.2413 0.8049 0.6289 0.8746 0.0537 0.8642 0.1626 0.1655 0.0663
50 50
0.0050
0.9999 0.9999 0.9999 0.9999 0.9999 0.9999 0.9999 0.9999 0.9999 0.9999 0.9999 0.9999 0.9999 0.9999 0.9999 0.9999 0.9999 0.9999 0.9999 0.9999 0.9999 0.9999 0.9999 0.9999 0.9999 0.9999 0.9999 0.9999 0.9999 0.9999 0.9999 0.9999 0.9999 0.9999 0.9999 0.9999 0.9999 0.9999 0.9999 0.9999 0.9999 0.9999 0.9999 0.9999 0.9999 0.9999 0.9999 0.9999 0.9999 0.9999
50 50
25.3745
0.4980 0.7248 0.9078 0.2723 0.7496 0.0811 0.2041 0.3469 0.0889 0.3449 0.1130 0.2309 0.9464 0.3216 0.1334 0.0125 0.1846 0.4771 0.2158 0.2993 0.1064 0.4573 0.6311 0.8015 0.5374 0.3060 0.2622 0.9545 0.4612 0.3313 0.3439 0.0367 0.0797 0.1255 0.7958 0.6425 0.2264 0.0332 0.9889 0.3097 0.4250 0.1407 0.0559 0.0642 0.4584 0.6153 0.4612 0.6598 0.6296 0.3055
4 4
0.0001
0.0000 0.0000 0.0000 0.0000
46 46
19.2444
0.5522 0.5471 0.9699 0.8022 0.7976 0.7160 0.0262 0.6467 0.9236 0.3075 0.1043 0.2585 0.6437 0.3940 0.5978 0.9520 0.5810 0.3515 0.2542 0.9388 0.4652 0.5198 0.4048 0.5405 0.9539 0.0472 0.9764 0.6153 0.1858 0.3785 0.0355 0.2656 0.3377 0.9737 0.9462 0.4578 0.7380 0.7613 0.3839 0.3241 0.1027 0.7527 0.4912 0.3965 0.6750 0.7063
50 50
0.0049
0.9999 0.9999 0.9999 0.9999 0.9999 0.9999 0.9999 0.9999 0.9999 0.9999 0.9999 0.9999 0.9999 0.9999 0.9999 0.9999 0.9999 0.9999 0.9999 0.9999 0.9999 0.9999 0.9999 0.9999 0.9999 0.9999 0.9999 0.9999 0.9999 0.9999 0.9999 0.9999 0.9999 0.9999 0.9999 0.9999 0.9999 0.9999 0.9999 0.9999 0.9999 0.9999 0.9999 0.9999 0.9999 0.9999 0.9999 0.9999 0.9999 0.9999
50 50
0.0000
0.0000 0.0000 0.0000 0.0000 0.0000 0.0000 0.0000 0.0000 0.0000 0.0000 0.0000 0.0000 0.0000 0.0000 0.0000 0.0000 0.0000 0.0000 0.0000 0.0000 0.0000 0.0000 0.0000 0.0000 0.0000 0.0000 0.0000 0.0000 0.0000 0.0000 0.0000 0.0000 0.0000 0.0000 0.0000 0.0000 0.0000 0.0000 0.0000 0.0000 0.0000 0.0000 0.0000 0.0000 0.0000 0.0000 0.0000 0.0000 0.0000 0.0000
4 4
1.3999
0.7000 0.6000 0.5000 0.8000
50 50
50.0000
0.0000 0.0000 0.0000 0.0000 0.0000 0.0000 0.0000 0.0000 0.0000 0.0000 0.0000 0.0000 0.0000 0.0000 0.0000 0.0000 0.0000 0.0000 0.0000 0.0000 0.0000 0.0000 0.0000 0.0000 0.0000 0.0000 0.0000 0.0000 0.0000 0.0000 0.0000 0.0000 0.0000 0.0000 0.0000 0.0000 0.0000 0.0000 0.0000 0.0000 0.0000 0.0000 0.0000 0.0000 0.0000 0.0000 0.0000 0.0000 0.0000 0.0000
49 49
16.1099
0.5817 0.6634 0.8425 0.0263 0.6507 0.8711 0.0085 0.7697 0.4003 0.5551 0.0730 0.8167 0.5815 0.2725 0.9575 0.5211 0.2496 0.9539 0.7715 0.1835 0.9110 0.1425 0.1718 0.7873 0.3455 0.9468 0.9042 0.0315 0.8453 0.5202 0.4311 0.5883 0.8544 0.8649 0.0178 0.8284 0.5559 0.5080 0.1541 0.3687 0.1047 0.9433 0.5832 0.5966 0.1626 0.4785 0.4327 0.1198 0.8993
50 50
0.0000
0.3333 0.3333 0.3333 0.3333 0.3333 0.3333 0.3333 0.3333 0.3333 0.3333 0.3333 0.3333 0.3333 0.3333 0.3333 0.3333 0.3333 0.3333 0.3333 0.3333 0.3333 0.3333 0.3333 0.3333 0.3333 0.3333 0.3333 0.3333 0.3333 0.3333 0.3333 0.3333 0.3333 0.3333 0.3333 0.3333 0.3333 0.3333 0.3333 0.3333 0.3333 0.3333 0.3333 0.3333 0.3333 0.3333 0.3333 0.3333 0.3333 0.3333
48 48
17.0607
0.2416 0.2292 0.3255 0.6580 0.2245 0.2994 0.8683 0.0893 0.0817 0.3091 0.8802 0.9278 0.7308 0.1864 0.8664 0.8476 0.4331 0.5816 0.2213 0.7105 0.4155 0.8485 0.5907 0.5025 0.5058 0.9901 0.0079 0.1075 0.3355 0.8132 0.4383 0.5877 0.7447 0.0351 0.5856 0.2314 0.8485 0.5168 0.4986 0.4621 0.7189 0.0061 0.6247 0.4468 0.6330 0.2369 0.2780 0.9245
46 46
16.8497
0.6973 0.8499 0.8843 0.4790 0.3559 0.8876 0.2860 0.2498 0.7913 0.0811 0.5081 0.1141 0.8625 0.4915 0.8241 0.8467 0.6618 0.9802 0.5889 0.2079 0.0314 0.6647 0.1669 0.7363 0.0326 0.8073 0.1642 0.1461 0.7521 0.0266 0.6697 0.4550 0.4843 0.4991 0.3043 0.1217 0.2993 0.1745 0.2858 0.6383 0.2987 0.3706 0.7556 0.3486 0.5078 0.8007
49 49
17.2595
0.6589 0.2082 0.4357 0.5818 0.2077 0.7885 0.8430 0.8017 0.8577 0.9891 0.9160 0.0377 0.4123 0.2331 0.7316 0.2569 0.3863 0.5336 0.4446 0.7835 0.0480 0.1099 0.6146 0.3352 0.6369 0.5869 0.2601 0.2071 0.4676 0.3219 0.3599 0.2826 0.4013 0.7321 0.5427 0.7281 0.9048 0.9142 0.3409 0.0245 0.8472 0.7514 0.1243 0.4595 0.1531 0.6918 0.0519 0.4013 0.0800
49 49
21.5245
0.2836 0.2333 0.2500 0.5842 0.7056 0.0359 0.7355 0.9086 0.6704 0.9284 0.5170 0.0251 0.7801 0.8373 0.9099 0.7909 0.2066 0.3011 0.3440 0.4349 0.6510 0.2536 0.3633 0.9303 0.5990 0.4610 0.9666 0.6506 0.7953 0.2483 0.0937 0.0647 0.3372 0.5468 0.7035 0.7769 0.1893 0.3658 0.3294 0.1396 0.9997 0.7958 0.4996 0.0773 0.0726 0.5835 0.0067 0.6937 0.7629
48 48
20.4924
0.1682 0.9288 0.8775 0.8240 0.2935 0.4201 0.9437 0.5927 0.8365 0.2122 0.3466 0.9538 0.7719 0.4173 0.7684 0.3979 0.1356 0.4153 0.3849 0.6620 0.5613 0.0540 0.0485 0.0345 0.6149 0.7371 0.6203 0.1571 0.2255 0.6283 0.9994 0.5344 0.3247 0.8312 0.7909 0.8474 0.3222 0.4577 0.8942 0.9480 0.9338 0.4776 0.1154 0.8942 0.4058 0.8242 0.7492 0.1223
47 47
14.0155
0.7773 0.7012 0.9715 0.2826 0.5207 0.9015 0.4204 0.9914 0.8004 0.9322 0.5004 0.1546 0.4754 0.1636 0.7485 0.8930 0.3573 0.8499 0.8244 0.8172 0.4951 0.4565 0.9283 0.9260 0.9139 0.5745 0.2397 0.6780 0.6221 0.4285 0.1119 0.1055 0.7329 0.8962 0.7077 0.9961 0.0872 0.5514 0.6195 0.9432 0.4914 0.7911 0.2498 0.5756 0.3495 0.2958 0.8448
47 47
0.5837
0.7999 0.7335 0.6048 0.0304 0.8463 0.8867 0.3154 0.5026 0.8207 0.7012 0.8283 0.3793 0.4186 0.8177 0.1291 0.3950 0.2637 0.5646 0.9160 0.8003 0.7741 0.9137 0.6586 0.5603 0.0082 0.2976 0.4096 0.6696 0.7167 0.1457 0.2756 0.7970 0.5373 0.3682 0.5064 0.6131 0.2916 0.7619 0.3602 0.9918 0.4740 0.1213 0.6248 0.8738 0.5956 0.0343 0.4499
49 49
20.3385
0.8470 0.7779 0.0031 0.4726 0.0493 0.4674 0.4184 0.9488 0.1365 0.8746 0.0636 0.9929 0.6526 0.6351 0.6454 0.2612 0.5556 0.6955 0.7826 0.3354 0.0934 0.1385 0.7340 0.6609 0.7371 0.9086 0.9830 0.8326 0.6586 0.1421 0.6640 0.9349 0.3909 0.3112 0.1985 0.2902 0.3256 0.0871 0.5838 0.4560 0.6860 0.5327 0.7542 0.2037 0.8220 0.4062 0.7267 0.3955 0.7531
48 48
15.7011
0.2984 0.3698 0.8796 0.7988 0.9235 0.4064 0.9007 0.3263 0.7321 0.2554 0.9150 0.9579 0.5830 0.9434 0.6164 0.1442 0.1022 0.5533 0.6252 0.4151 0.0568 0.1640 0.9953 0.0939 0.8868 0.9333 0.3729 0.6188 0.7835 0.1867 0.9278 0.1124 0.3594 0.1904 0.6423 0.8838 0.9703 0.0458 0.0336 0.4374 0.0372 0.9506 0.6267 0.7036 0.0787 0.1252 0.2815 0.4830
49 49
14.8676
0.9997 0.4287 0.6821 0.3616 0.1343 0.1336 0.9080 0.1268 0.7349 0.0929 0.5043 0.1601 0.8887 0.2097 0.6977 0.2502 0.7236 0.0199 0.0215 0.7557 0.6797 0.0266 0.9297 0.5747 0.7934 0.1825 0.5216 0.6836 0.5721 0.3608 0.9231 0.8224 0.6628 0.8479 0.5285 0.8522 0.9180 0.8105 0.5907 0.2037 0.9993 0.9043 0.4212 0.6489 0.7322 0.9832 0.9929 0.1785 0.9730
46 46
17.2708
0.6877 0.9967 0.0929 0.7221 0.0074 0.6938 0.2994 0.8356 0.4065 0.8479 0.7238 0.3086 0.9758 0.0208 0.8167 0.3176 0.1739 0.0724 0.4451 0.6938 0.8524 0.7529 0.4139 0.3573 0.2325 0.6678 0.1894 0.8219 0.2258 0.3501 0.2974 0.2778 0.9401 0.9614 0.0631 0.6575 0.7514 0.7857 0.5339 0.4204 0.2081 0.1356 0.1550 0.5104 0.1622 0.3791
1 1
0.3333
0.5000
46 46
22.7912
0.2465 0.5618 0.8971 0.1776 0.4589 0.1848 0.0336 0.5926 0.6659 0.4956 0.4202 0.5933 0.0397 0.0257 0.1171 0.0860 0.0139 0.4217 0.8578 0.4546 0.5286 0.7427 0.4982 0.5771 0.7601 0.0290 0.1705 0.2144 0.9572 0.7111 0.1471 0.0742 0.0547 0.4587 0.0574 0.3847 0.6566 0.2708 0.1991 0.2401 0.7740 0.7974 0.3013 0.4417 0.7550 0.8843
45 45
14.7729
0.0729 0.1034 0.9909 0.4753 0.7357 0.7933 0.6031 0.8880 0.2697 0.2132 0.3860 0.7312 0.7458 0.8659 0.8126 0.5133 0.6738 0.6165 0.6591 0.9182 0.3957 0.6167 0.1952 0.6253 0.1163 0.7372 0.1512 0.7529 0.8707 0.5066 0.2256 0.2085 0.4844 0.6125 0.2990 0.7603 0.6232 0.1047 0.5574 0.6794 0.2663 0.8851 0.6884 0.1960 0.7802
48 48
14.4471
0.9282 0.1803 0.5399 0.8221 0.2363 0.9984 0.1938 0.5695 0.9318 0.7228 0.0885 0.8852 0.3883 0.7488 0.9286 0.2124 0.5795 0.8769 0.3628 0.9078 0.3587 0.6947 0.1739 0.3372 0.0969 0.3552 0.2237 0.8296 0.5938 0.0732 0.9129 0.7278 0.7434 0.8299 0.6363 0.4370 0.9567 0.3436 0.2587 0.6948 0.3482 0.7379 0.2909 0.4281 0.9856 0.0914 0.6002 0.8065
49 49
2.2603
0.6125 0.1160 0.7932 0.5165 0.7444 0.3850 0.8691 0.2869 0.9229 0.7694 0.7481 0.8491 0.7213 0.3545 0.4379 0.5347 0.5337 0.8561 0.3106 0.0706 0.2017 0.7809 0.4606 0.0852 0.2235 0.2062 0.4795 0.1679 0.6942 0.5509 0.4581 0.5352 0.2831 0.6857 0.6873 0.7961 0.4266 0.4856 0.2368 0.1329 0.7001 0.7064 0.6047 0.8354 0.5095 0.8378 0.0739 0.5154 0.1762
2 2
0.3333
0.0000 0.0000
45 45
3.5904
0.4031 0.7122 0.5679 0.1036 0.4465 0.4581 0.2414 0.3252 0.9111 0.8268 0.3880 0.1720 0.8075 0.3448 0.4520 0.4244 0.1018 0.3655 0.5127 0.6697 0.4568 0.4654 0.7976 0.3308 0.3233 0.1847 0.2692 0.8945 0.5776 0.9563 0.4820 0.7248 0.3892 0.3028 0.2361 0.3085 0.6942 0.4972 0.3324 0.5221 0.8465 0.1824 0.1272 0.7715 0.7398
48 48
21.8222
0.1307 0.7593 0.9139 0.8085 0.6567 0.7579 0.3956 0.1415 0.0222 0.3516 0.7869 0.3074 0.8485 0.3544 0.2441 0.2050 0.3203 0.5249 0.6180 0.2988 0.9360 0.0955 0.7657 0.5765 0.6145 0.6477 0.6508 0.2995 0.4645 0.2976 0.5742 0.4013 0.7046 0.0151 0.0784 0.2330 0.2353 0.9652 0.3503 0.0364 0.6608 0.6212 0.3173 0.0224 0.7269 0.8230 0.8560 0.3879
46 46
19.6739
0.4587 0.2533 0.1693 0.9391 0.4909 0.2799 0.3427 0.8492 0.9302 0.2606 0.9649 0.4677 0.1160 0.1926 0.6006 0.5993 0.6728 0.0858 0.7692 0.3815 0.3525 0.0583 0.9685 0.8151 0.8599 0.1631 0.2022 0.6893 0.3271 0.7312 0.9808 0.7890 0.4051 0.5175 0.3581 0.3635 0.8169 0.7948 0.6021 0.9219 0.2143 0.9766 0.1669 0.5121 0.4920 0.5894
2 2
0.5000
0.5000 0.5000
49 49
26.5762
0.8792 0.8801 0.1754 0.6767 0.5672 0.5522 0.4353 0.2755 0.5722 0.1036 0.1897 0.1382 0.4792 0.4593 0.6868 0.7670 0.2290 0.1799 0.8892 0.5218 0.6331 0.9037 0.5217 0.1585 0.0572 0.0864 0.1522 0.4740 0.5703 0.2688 0.4852 0.0145 0.0636 0.3019 0.3807 0.6739 0.6845 0.7716 0.2012 0.1833 0.7348 0.6968 0.4833 0.8286 0.1675 0.4040 0.0757 0.8036 0.0366
47 47
24.2235
0.7255 0.0935 0.5949 0.6309 0.5475 0.4704 0.7991 0.0824 0.3619 0.3658 0.0619 0.8732 0.5848 0.4066 0.2989 0.8496 0.1221 0.0700 0.3827 0.6424 0.6537 0.9900 0.5580 0.1009 0.4606 0.5041 0.4359 0.6080 0.6310 0.5919 0.5795 0.4358 0.1096 0.2916 0.0125 0.2749 0.9362 0.2726 0.2617 0.0461 0.2300 0.7616 0.1210 0.4890 0.6808 0.1860 0.6237
47 47
18.2917
0.3894 0.9703 0.8195 0.0235 0.4247 0.5450 0.7236 0.0500 0.8343 0.2617 0.4115 0.0717 0.3713 0.3971 0.0242 0.8203 0.8550 0.1893 0.3754 0.8009 0.1244 0.4482 0.8827 0.1479 0.9780 0.0365 0.8334 0.7956 0.6926 0.5561 0.3971 0.9449 0.9623 0.9146 0.8330 0.7476 0.3189 0.8455 0.3741 0.0742 0.0272 0.0079 0.9507 0.5248 0.2636 0.9560 0.9276
47 47
17.4895
0.0576 0.3046 0.7684 0.1427 0.8727 0.6581 0.0702 0.4701 0.0748 0.6273 0.5952 0.8669 0.5709 0.9150 0.4125 0.5634 0.5039 0.9849 0.8462 0.5811 0.0042 0.0166 0.0601 0.2083 0.3307 0.7440 0.0843 0.5989 0.7198 0.9760 0.9747 0.1322 0.7528 0.7124 0.7884 0.3781 0.5850 0.5205 0.9629 0.6083 0.7545 0.1721 0.3373 0.6738 0.5965 0.9240 0.3159
49 49
16.5396
0.6219 0.9052 0.0457 0.6063 0.5606 0.6066 0.2680 0.9685 0.3825 0.4619 0.2414 0.8141 0.0809 0.1660 0.7340 0.7168 0.3640 0.4926 0.5157 0.5924 0.6939 0.3974 0.2035 0.8079 0.0624 0.3494 0.6209 0.6687 0.2105 0.6739 0.3270 0.8774 0.0395 0.9955 0.7208 0.9775 0.3252 0.6909 0.6604 0.9602 0.2399 0.2350 0.2304 0.5877 0.6060 0.8867 0.4573 0.3449 0.8580
50 50
0.0000
0.8700 0.8700 0.8700 0.8700 0.8700 0.8700 0.8700 0.8700 0.8700 0.8700 0.8700 0.8700 0.8700 0.8700 0.8700 0.8700 0.8700 0.8700 0.8700 0.8700 0.8700 0.8700 0.8700 0.8700 0.8700 0.8700 0.8700 0.8700 0.8700 0.8700 0.8700 0.8700 0.8700 0.8700 0.8700 0.8700 0.8700 0.8700 0.8700 0.8700 0.8700 0.8700 0.8700 0.8700 0.8700 0.8700 0.8700 0.8700 0.8700 0.8700
49 49
20.5103
0.7949 0.1145 0.5681 0.4155 0.0735 0.0956 0.8851 0.1054 0.2234 0.0657 0.6005 0.9310 0.6337 0.4195 0.7989 0.2252 0.1239 0.7854 0.6696 0.2885 0.1921 0.8238 0.7228 0.0188 0.8395 0.2550 0.0633 0.5781 0.6613 0.7787 0.9427 0.8167 0.5404 0.2978 0.3238 0.2685 0.7704 0.9425 0.4850 0.1118 0.1378 0.9906 0.3253 0.1646 0.3430 0.5480 0.0208 0.5006 0.2373
47 47
19.7717
0.0022 0.8547 0.2341 0.7120 0.6790 0.9213 0.6203 0.1747 0.8458 0.9512 0.5889 0.1225 0.9235 0.4699 0.6331 0.5093 0.1001 0.7196 0.0097 0.1677 0.1565 0.4318 0.6691 0.7621 0.5859 0.6808 0.4779 0.6807 0.3010 0.7514 0.0069 0.9790 0.0434 0.0345 0.3865 0.1088 0.2235 0.9826 0.6780 0.9623 0.9606 0.0279 0.9589 0.4663 0.3291 0.8449 0.1770
46 46
20.4663
0.1647 0.6372 0.0844 0.4724 0.8739 0.5998 0.3035 0.7486 0.2990 0.5826 0.9173 0.6476 0.9595 0.2019 0.7460 0.4425 0.2145 0.5897 0.6504 0.2104 0.2650 0.0847 0.9842 0.2803 0.7803 0.4105 0.3660 0.0553 0.2948 0.3204 0.3197 0.6530 0.2096 0.2643 0.4537 0.3561 0.2079 0.2252 0.2086 0.3752 0.6817 0.5565 0.7697 0.9409 0.6080 0.3408
50 50
19.7424
0.3578 0.4954 0.7167 0.3694 0.7801 0.5491 0.3379 0.1208 0.9459 0.5914 0.0895 0.4512 0.4958 0.1896 0.2239 0.1107 0.6843 0.0218 0.4637 0.4542 0.0020 0.5184 0.2827 0.6888 0.0914 0.4974 0.6939 0.8910 0.2577 0.2785 0.3052 0.3623 0.9577 0.8723 0.8569 0.2073 0.3457 0.4418 0.7589 0.6957 0.0760 0.0574 0.0585 0.3851 0.2358 0.4770 0.2872 0.6496 0.9745 0.5332
50 50
0.0000
0.9999 0.9999 0.9999 0.9999 0.9999 0.9999 0.9999 0.9999 0.9999 0.9999 0.9999 0.9999 0.9999 0.9999 0.9999 0.9999 0.9999 0.9999 0.9999 0.9999 0.9999 0.9999 0.9999 0.9999 0.9999 0.9999 0.9999 0.9999 0.9999 0.9999 0.9999 0.9999 0.9999 0.9999 0.9999 0.9999 0.9999 0.9999 0.9999 0.9999 0.9999 0.9999 0.9999 0.9999 0.9999 0.9999 0.9999 0.9999 0.9999 0.9999
49 49
19.2931
0.9500 0.4731 0.0091 0.7633 0.2217 0.6473 0.2555 0.0405 0.5035 0.2934 0.5071 0.6070 0.1426 0.9733 0.5553 0.3841 0.2387 0.0254 0.9950 0.1732 0.2902 0.0335 0.4684 0.4878 0.8628 0.4437 0.2538 0.7486 0.2257 0.7123 0.0241 0.8272 0.6260 0.0190 0.6878 0.0137 0.7288 0.3281 0.2608 0.9592 0.0192 0.3072 0.0247 0.8458 0.8231 0.9677 0.7495 0.1233 0.1265
50 50
0.6901
0.1546 0.2791 0.0539 0.6196 0.0770 0.1090 0.6759 0.7951 0.9318 0.5154 0.8764 0.5983 0.5160 0.9926 0.8871 0.6598 0.2108 0.8928 0.7255 0.0863 0.7744 0.7742 0.0507 0.3303 0.1224 0.6915 0.3158 0.2665 0.3512 0.2215 0.0857 0.9641 0.3337 0.7287 0.8265 0.8091 0.6986 0.0932 0.3483 0.9438 0.1842 0.3724 0.5109 0.2443 0.7205 0.2683 0.1761 0.8733 0.2187 0.7417
50 50
0.0000
0.8765 0.8765 0.8765 0.8765 0.8765 0.8765 0.8765 0.8765 0.8765 0.8765 0.8765 0.8765 0.8765 0.8765 0.8765 0.8765 0.8765 0.8765 0.8765 0.8765 0.8765 0.8765 0.8765 0.8765 0.8765 0.8765 0.8765 0.8765 0.8765 0.8765 0.8765 0.8765 0.8765 0.8765 0.8765 0.8765 0.8765 0.8765 0.8765 0.8765 0.8765 0.8765 0.8765 0.8765 0.8765 0.8765 0.8765 0.8765 0.8765 0.8765
45 45
16.1213
0.7500 0.3365 0.4908 0.0547 0.8889 0.5267 0.7209 0.1009 0.7128 0.7190 0.2475 0.1195 0.8987 0.4122 0.2818 0.6870 0.0914 0.1252 0.8230 0.7242 0.3475 0.1529 0.5201 0.9717 0.1293 0.4398 0.2039 0.2328 0.7234 0.9868 0.7260 0.0628 0.9096 0.3250 0.7408 0.4637 0.2121 0.5154 0.4862 0.1116 0.8327 0.2783 0.5524 0.0482 0.6313
47 47
17.2725
0.4802 0.0036 0.5741 0.5347 0.7822 0.7788 0.9404 0.3551 0.1022 0.4852 0.5191 0.2792 0.5585 0.1563 0.6802 0.7574 0.7246 0.5350 0.8101 0.3367 0.6225 0.6172 0.5227 0.0889 0.4736 0.4761 0.0315 0.9336 0.0215 0.9555 0.8638 0.9319 0.0082 0.0717 0.6322 0.3751 0.6933 0.6425 0.1145 0.3825 0.9033 0.9096 0.9562 0.0326 0.5963 0.8516 0.1700
48 48
15.9659
0.0864 0.4630 0.2115 0.0695 0.5151 0.4657 0.1076 0.8465 0.5753 0.2846 0.8780 0.6503 0.8094 0.2513 0.9037 0.4533 0.6424 0.1478 0.5812 0.6888 0.1903 0.2981 0.2296 0.7799 0.9706 0.8094 0.8429 0.3457 0.9846 0.4503 0.3546 0.5828 0.3545 0.0314 0.6362 0.7762 0.9704 0.6560 0.1749 0.9653 0.2204 0.9388 0.2492 0.8320 0.2040 0.7369 0.9796 0.7143
2 2
0.0000
1.0000 1.0000
